output/SWRB_raster.asc
NCOLS 189
NROWS 177
XLLCORNER 690600.0
YLLCORNER 5139200.0
CELLSIZE 100.0
NODATA_VALUE -9999
[rows 40 to 59 of 177, columns 132 to 175 of 189]
916.5549314380669 1012.2533698277354 952.3795473372186 952.3897815152523 823.2565729960204 753.6218337656472 713.8553256401328 748.3543085858026 842.0070775073125 711.0855236079313 931.67085843326 712.8388716483867 928.9055764452837 795.7295832898561 695.3189452830309 503.1081895789355 638.622165677897 964.1003747015715 793.5896953209249 700.9603101031506 803.5589991592601 739.8807262008769 699.7298135583175 697.7507409380191 966.1380444355384 750.9430395473061 397.78063237037543 460.92882821999103 1012.3259294499202 751.688205633187 995.4507329450892 691.7444868752445 975.9722091477217 900.5062691274461 891.271269554182 1076.7245699054606 1000.6418051542117 845.9926096524205 676.0913293391211 554.5461895915898 755.4982875721812 782.6460183951473 752.6372193547071 951.0126146028481
864.2383879870824 967.6603866496073 947.2513579873112 933.1232717893636 741.7652121835273 794.9791348828014 737.6507471979353 703.0068267745577 764.4985127706857 700.2585886166187 840.1622076181277 690.385206295967 860.4411991044308 642.3924506295397 744.1952805083599 575.7085507119875 504.6663634029817 918.4415435972223 789.2892563411211 711.7785547123299 831.4894274358514 771.3458070008709 763.010692447521 797.8073871236421 845.3026650013003 706.1367094040854 629.1641881924679 443.59673970375684 1042.5199297651652 769.36873493749 939.9785323981736 790.3914122011287 960.6036403715451 889.2361514452191 954.0415050475497 1081.3257255096232 828.9797315046394 807.6340671686528 756.4234606554369 744.2497306527002 659.0908036915896 854.8441500607156 610.660049203828 905.0664527965324
750.8591098870913 882.6541919352067 987.3787463233352 894.4363295460291 674.9329625410401 594.643038156156 694.8596940492828 775.3960610138282 794.2534632691008 714.5455120059104 732.0741466341374 711.3104398953731 731.1030313050703 651.3534338431937 736.2942019347115 656.2526726774493 648.3201726938177 898.9084301049845 804.2714761450645 789.1478250547203 780.0794926009337 811.546607385454 831.6201484391044 774.3774871606156 795.6656566893106 799.9392988650025 813.8575540336834 675.6681213243069 1025.2178396201077 808.0626303463638 935.5570564228851 879.4616858889415 899.724556873213 893.7658826668164 999.3780094380772 965.3716206891504 687.2532916032415 784.43168382485 736.9864519118357 740.9362053774801 701.3118175148901 934.7561367578303 846.0105703695393 731.6033707204379
616.5725380133372 746.3129004266214 953.548177463836 865.8255656378757 705.7527129973091 406.23025301702035 700.284527307988 740.2358993793096 852.5924737777924 672.0077343747587 724.0320264667861 676.4137736123041 678.5469068072974 730.9855425134871 773.2402750769503 733.1152314907101 767.9818629593941 857.4853619741823 822.1380828195286 795.8132191866761 777.9311898153394 842.7157152133054 851.9056557673523 794.4486562810071 797.1450044948938 798.7250827086959 827.3019006163869 862.5323517171101 896.4240675965575 828.9861794788471 973.6346865368389 880.577626533004 863.5503147375975 900.2957484310172 897.9293163495597 750.4828041767194 743.2147430387222 823.7681898767531 805.4417964742912 785.7895794465794 778.1601427425958 837.2360803917096 968.5748680687042 885.6968213490788
571.8690965630566 696.5364304824999 790.0427386965002 862.9032613326397 765.3347786083752 469.61851340379917 739.3610800698522 641.8744519797102 750.3421262905429 718.6923546225673 681.0802264350253 687.0511395212484 773.3323606909942 800.3654269162208 821.3668591121484 720.9265320791804 675.2923345548818 683.2107311607828 646.8559631945989 772.5451679979844 751.6425055669351 747.5906335957827 791.2981259619839 776.8856799058483 790.9632586703319 790.0486361301109 783.1739409928848 834.7760036351376 824.570371743607 838.9312073537053 940.0443246489945 866.3577262496544 997.0727740159083 885.5296621351323 726.6805244277522 672.8776925968308 858.5504513573795 876.6935623896685 897.1027379784551 797.8045277775129 825.6894807051165 790.9700428030295 785.6173289353097 838.0891314839539
586.989204159831 680.803002132065 714.3456172748777 792.4450032802264 702.7136346595978 552.0394041659421 778.0210299563645 767.290007290359 740.9431182016293 751.8294283236032 668.0703655188488 739.4059305760959 822.4335102692199 900.9054342099745 835.9884437204893 717.3854798845664 642.7196719927574 658.2591745988183 541.4848276834191 730.0625386549316 726.0215860452978 694.2184964130339 708.87270545443 650.603989810476 744.3306056335036 743.7002031263123 706.2611332478939 784.8699555077791 793.6533202060682 808.3363259275441 808.5635546114408 842.8132618131713 972.477673320326 834.7520542591257 715.3587645425557 717.842093601626 874.479317857805 879.4686464509912 905.3708712375212 876.6812938847909 805.8683143676878 826.49525183949 556.3231680756969 684.0102227782832
628.3092456419449 645.7915740717538 672.9474883615671 714.4067814847623 689.2688206364753 651.3203318456202 801.6168991461376 822.7355168771032 834.702115354286 756.3912965744189 755.5491407580586 808.6179042888407 831.1953068773968 995.1454125497413 953.7895012151573 819.1195242500194 678.7446089809961 543.1916349235867 521.6986659435642 613.3378974636416 760.3713332442699 687.6272064065689 627.7565599049776 572.4071094540268 623.8277090294832 664.6547122725754 538.5753110092262 509.2619082678544 735.8034953726274 707.0144218846941 743.5426466915574 784.724930995493 785.8165493796002 809.9248494962516 750.5823842930295 791.0322318258418 819.4836096858144 839.4774089715667 846.8805935556525 928.4198528368299 796.9432314450238 783.344558887331 538.6372517000736 531.8477839433086
684.1728402586342 686.1887722657953 503.0078985706534 669.2109113190022 751.9178929051363 724.9041203485593 763.8321495725263 784.0745260871447 799.7925866184637 774.170350965771 801.914260718502 857.5076548770776 873.0243514549672 983.3824495965848 967.1580818588195 897.913466868787 800.9861020512311 537.0230061829047 429.4141971765449 693.3171153264514 731.6689064023752 686.0487938543768 544.0536376324502 548.2374145801143 554.6732434301897 629.978733187538 579.8049337060972 371.8698968683684 600.3159630812717 640.1986726122636 615.2447028073734 702.3755211352823 617.8963705872247 579.2081797291173 661.4660470872168 697.8356479177708 769.4238249437419 815.5604758307451 816.7713969905946 870.1223860826783 830.9018549081682 811.4478607037516 604.6158154599678 468.90403397580224
730.2461509585013 725.5713175070773 523.7572980788193 627.259543070402 781.3109320205316 782.0684140006625 752.1761629225113 708.9410824375482 734.2094438949797 784.6590262342677 849.3787893433401 814.8635150625919 852.3101421028892 1004.2602939007718 919.405793179691 913.3804837670253 901.2625479360436 645.6097661486878 500.2995386309664 822.5168811759695 794.9249561247011 740.1307185007443 697.0900219740474 570.780017876144 544.0166746527514 609.6483622581186 488.8591984597273 363.21277384235987 373.91935554001645 654.8958997903085 539.4113454082155 547.0905731896388 610.0676031829679 336.66659637467325 431.09379274771817 137.9511306966435 531.3227080936521 686.688953535569 817.3951871623775 859.4117921647689 719.6065451735968 775.9732587102562 718.1512958409737 502.16176060671853
750.227396431331 648.2955593458258 683.936001117457 686.8895910385513 801.4038228124621 791.26011149692 732.1939978173731 636.6812829241251 670.4793767228863 777.4295246767404 857.405614873773 832.5096337864052 805.9927029045324 938.4372237955647 897.794731992901 839.5136978502524 845.1647941830228 659.6002386819634 702.088748278717 971.5831162519083 754.3473478109702 614.7017381067848 771.9178268490341 679.377655172135 563.2227771009559 594.070077987702 415.75506507537057 319.24370779154276 227.86869366654918 669.1941128189144 501.0212815745636 373.80544853665634 595.9219102606463 380.7125075500413 367.352528985002 136.07414097763655 366.84186943267224 467.2144064752682 645.7764152240131 896.8851188317265 703.3546576682452 650.8942452475972 686.9986527561254 533.7373561503492
668.1442027301746 649.095466525579 694.1647573241881 756.3170319403005 856.5413825794881 850.6741174372626 680.0263141216442 595.2947802367594 672.4190829505753 802.1427651052317 751.6170879813028 753.9234745192292 642.1945607410455 799.2720697629736 935.8446286974904 823.7306026541851 806.6319201940012 730.0136859765782 706.6824357838568 1063.3718843541435 897.8014403054206 543.9575035973544 730.3775344906253 763.1735048635728 645.1025278580684 577.4538264108688 507.88240591863234 360.68101388742724 141.38730357929398 778.7848351117794 730.676324829703 579.3408388981131 635.6434056081 537.8446402229891 457.68356251522914 264.3311866898685 210.26091751984302 441.66149845075404 537.7908389540162 843.5148276267319 907.1927132408736 686.7401938405114 617.8888171711133 525.9477634423336
127.27686572189121 126.44735450257492 612.5632052747229 513.1619557523369 754.2727704786366 763.9238265070176 662.6281236794142 630.0235659821394 544.9394965870954 632.8302190441382 685.7879475492426 660.3016335956589 514.9372184491374 499.4187355803223 910.6727485654219 808.6601927155316 772.5926228077944 772.6776460732244 732.95135043304 1045.2447554723917 1093.9366302841463 622.9820172240709 659.737625243074 822.894248054236 786.7727412130948 530.2900460779846 533.232819694199 543.4299118260496 184.74604370167881 667.2633228501875 699.8122689213493 691.7462370142762 637.4630023459057 599.3506058710817 602.269070901619 435.3330972552362 139.169843902178 450.2736405351326 479.5339059413351 651.8867916031772 871.8899194136957 857.3447326783652 735.3773953339669 631.0748808757372
122.98023188831752 119.39515255591967 652.1529745393951 440.22665591502596 580.3895980700279 633.8586370115705 686.8477084879272 736.9246265267069 660.7165718790778 447.3306048360547 331.8071389166572 583.6511834461901 478.2176531105953 453.2542298631025 787.0767955301942 815.0807895719937 766.6950381612816 768.8813051065063 732.5506769705928 890.2805172253366 1001.7364730820884 901.3836907314667 569.2031170806328 773.016639701051 1006.6993528321394 709.4436805194247 740.8245238040302 743.792632822104 513.6800873400309 733.1888977682532 673.6202798177151 609.4545225867855 521.2557514603534 554.2656149779052 641.159140641382 495.0801219212117 138.30026299078182 340.5588246079603 471.9715338247384 480.08882060947883 615.889618550492 856.9996712248205 823.5705736382579 769.462873103115
124.08040941782717 128.42567827019283 123.95258652328505 573.843937416177 526.6057001786055 603.5311442014286 654.1813537470509 488.20100182324114 807.7979532948232 727.4910514547017 301.5762298419297 387.510342804452 398.8985568923074 489.5383122107501 691.6350481562316 755.7812926041682 793.6285006993651 702.3668950495548 648.1335117196335 840.8275477192502 929.3659598186949 985.6059001521317 717.6601653959814 688.2172315838717 836.6988162605212 675.0221244181828 755.8438035769527 777.6218812380454 800.7593178795563 1032.5118010512003 945.6807915410322 851.9764837245577 755.2627284565231 563.724654331969 618.4337119788261 615.451045682245 139.24855189313254 126.02797897642262 425.75557908044385 465.3713097278575 398.75204023695983 668.9042499344799 791.9271128802097 800.6445957778222
119.97953697658431 123.11596453860227 116.73546914214229 471.55753536539595 402.8957367969523 126.09296326972631 988.6047843438212 659.324103167613 850.4965136440107 436.29452147083 354.98871346144256 383.1040727167202 393.2725391265167 500.57428260782183 668.3137194366019 588.7910886699981 703.7004070204886 705.4163615332398 620.640333934686 641.3500271177705 886.1616215273768 628.0983491084836 650.9832181975087 697.2605106736837 761.188517876095 732.9372351231418 749.0396876342292 796.346736386494 842.8855484785286 985.6950871319107 883.449798741759 916.1042904024482 1049.1597871769616 1004.2231572266053 775.9279870755657 674.6042104397652 233.6308833112642 168.0292676516345 281.0304415588112 135.07505104626617 296.7475722084008 534.6112949526992 699.5542432017301 780.6050223512499
109.72811110093774 114.33734915774443 491.65153368180796 407.1771452557243 140.63197525520437 122.06602766315429 784.477231234563 713.6557038728876 1028.912796623862 632.9623987355478 242.8019482524756 324.40802047141756 428.63275327111967 587.6543307172992 892.2389130537297 706.2134985382138 705.2023900487405 820.7736194244958 739.4955928673608 743.7972240280753 751.0559775828915 555.9447866491705 579.4335773361323 690.1171634562435 770.3025614990565 743.435975192015 748.8435277799874 786.6177492276961 818.030405956919 889.6766790446734 872.7537918756875 960.802173501031 1056.542717361793 1066.161308053858 962.2449907014311 1060.572953385717 423.26896991900037 215.6475420033608 194.65352298317208 133.03883913057743 299.3231042241459 433.2779468131506 589.1031288830746 756.334463607535
105.25644880023918 106.68786426907862 518.7936219089784 508.0920387217309 120.94651558324186 107.11651243688802 124.39206859584317 730.6349616117727 777.7702885125858 533.9657394832352 341.3259044984226 283.0388905945583 389.5342502887808 570.5755257602234 995.8214690644153 909.0968770111155 892.4114971049527 813.7762377692242 693.6530312546521 755.7715721796012 751.8546204068346 573.4202422323401 566.3462437393721 699.6509798420944 785.5479938896561 754.642481322399 766.0011035142699 788.3261348002503 773.9045393784226 801.1752466139209 791.8100050893314 878.3287436722793 981.3819755786221 1022.3347771618992 1061.6706826624832 1106.9383859165196 1071.1228287278466 647.3773672874136 132.65720533969434 125.23435880514951 126.87641438887366 128.87142857496426 494.53720113967915 607.9843137931525
108.68033022052197 101.15682163406105 628.5669627460471 587.3420216514444 115.01826295582288 100.1411268621495 122.07293058768295 133.04561058977617 931.3921301164478 449.94369100476155 393.9140988905625 448.709138300679 300.57664193947704 460.6003607945193 814.2735972608609 870.2489554602508 868.9783562257835 773.3959890567204 789.4628561270908 841.6827571092397 724.1415813034558 613.9094238364094 563.5544628464479 734.2427314313111 770.1743410344677 726.8801412592532 747.093459207322 768.9305867231537 770.760106635789 727.3270276535388 696.2215624455952 635.5210491618882 742.9782360331959 1001.7846885392855 1068.5769280392324 1085.957480008682 1127.2919500366527 1140.6712899986437 731.8709752801241 328.19357280976135 129.59018510981429 125.01813584933335 406.4857941314862 137.95373653173775
148.63212818764296 107.57635953560163 993.1483798693156 720.3978112750855 309.56743818771383 120.53603495497346 122.86860344346805 134.76427887052998 928.2886596442792 551.9861644760388 257.783303732097 582.0609765095126 451.827106660193 444.72866961976945 659.1895787020953 857.0777669702508 824.6758361133599 755.1072316236754 785.7633151550427 897.9671969825304 759.7672507309535 748.951068686354 639.6855641040277 764.9156545517168 763.1045127116074 699.9317062941084 677.2164664756133 683.38725609189 797.6271293914632 655.0681631642552 623.979370089432 476.1664226790102 461.05940892000604 875.6217582835386 1048.7571134073264 1138.127390123811 1133.9920354380067 1157.3138610953501 1142.7667507981578 682.214364148678 529.57441423869 133.58978882571682 394.8727290717043 139.57366507105468
630.0622350663816 397.43511916415264 1082.7062492393666 1046.3481172478203 149.2461197287385 115.2155763696576 114.7587544515837 128.03968072395 855.514498935718 416.67410103262415 135.58488087626998 120.43491944711883 550.2534088581543 514.591197601606 414.32212291296923 758.2110645784253 777.2841469568132 685.8418312917296 721.2342187549921 720.3035387202922 891.4202783514427 764.482081468205 693.8241532387315 760.9551322205282 778.3934385693071 772.04888352862 662.8921831052565 617.2832532922334 795.4647837117518 637.507371193735 481.03815841208575 359.0160057806845 333.09885486698386 648.933408859087 1037.3676323361403 1132.0044808755767 1136.3444699559113 1152.0982726350992 1152.4182993560476 730.4689596803113 842.0486079360933 461.0197631992005 138.1665559560962 176.88089993866421
