output/SWRB_raster.asc
NCOLS 189
NROWS 177
XLLCORNER 690600.0
YLLCORNER 5139200.0
CELLSIZE 100.0
NODATA_VALUE -9999
[rows 120 to 139 of 177, columns 88 to 131 of 189]
964.9227815812822 1018.2409359326034 989.308313389309 1004.5457988211479 1025.949692250089 1076.293713511266 1072.782985999437 1097.0932521293103 1037.0159852056765 1010.7451629441525 977.2939467750248 1063.0245399808844 1128.6671654782624 1116.6895003761974 948.3092101500279 987.3747642663482 1100.6297037230831 1158.7434514525999 145.32423141152273 99.86007982130182 114.10862601141648 128.46400574523778 130.04277196683606 128.20518556899236 130.78275421645236 531.2561584198424 668.2293526817955 705.7368834777903 749.1793073153468 654.7028549917922 623.4759304631116 730.7100538658988 713.9801320997584 818.5060285187374 740.4913058868042 729.3912127559382 568.5857420413467 717.0538655131619 936.6212851214378 692.7895332602709 691.7275748190341 692.2056538512945 603.0901693932835 583.8423220411531
1015.0216732260656 1037.215512055883 1015.5622996221074 983.343812276383 975.2517150135973 994.2629739651006 1002.3921181068563 1065.9461408489856 1079.0153743767585 1096.1481420651892 1079.130712923633 1040.0026905630652 1033.5948217257228 1053.2298135379926 1022.2493004478791 1100.927455006471 1126.4939694264967 1031.7133484574117 139.94447259636084 106.38691726671289 112.53426352757545 127.12951901693934 131.02836040779493 132.11911620960976 136.02596534157732 135.0171065446028 570.1089844754662 663.0280859906159 733.2832421089101 562.5375715977697 537.2964555426195 664.7505147530885 674.7921678088901 711.6855417126924 722.2677879877691 682.9483896913956 675.0394445056231 690.3580199239499 886.316073059074 847.5945001977267 684.6467278446225 713.6391505246339 608.7531773315789 668.4036561947271
1026.3982142351406 1015.2470680470279 1018.9761442465673 1042.1204514123983 1056.7217097591367 1068.8438099858854 1078.7772980959026 1115.4058753772983 1085.0741346590632 1077.6354970208622 996.4919683725424 940.4606083527083 1034.421766227643 1066.7266347667305 1068.9986544675469 1111.3569904271524 1157.7030732062794 1145.5313228742507 1019.0982366623192 121.14021803393639 103.6758206357666 123.30910916083363 129.32407009025562 132.23669465628345 132.86616320207185 414.5770098762465 400.24288283211024 651.447457288929 708.1051975888681 501.30106568218935 536.3264708692994 627.6943183838599 601.5345698609271 542.8114264667119 638.9706361726026 591.6909185177299 712.1560400648791 689.417939851534 746.7604266392269 928.4295364760997 777.5952123766028 746.9622130108178 676.0573986323454 712.5751535862555
996.0690394487868 974.6322805715112 1027.1774040707155 1035.7746287447912 1059.330155710121 1067.2830803048157 1059.0076165891385 1062.396181720366 1056.0575991377664 999.8224199994457 869.7451604667144 951.3731634544025 1069.962947368377 1115.582340925406 1102.269918631273 1138.4400206501289 1161.5915172990203 1156.0754514540629 1184.1668470715451 141.16436284868274 101.61856958167026 111.60854506435896 127.06479592242775 133.31702951750773 137.7054976213991 136.2361899471104 391.28622737415185 555.1213248943145 693.1754043373206 531.1667293778631 539.1055457997745 480.59382366719194 431.9208670640809 500.4147846167392 569.2391122014192 490.30652261044764 587.1855247510994 634.2707576224609 625.9776318151257 752.4041197785095 703.0470302074186 790.3494768718342 731.0632281143739 662.6225186617454
889.1232368866034 947.694510782348 1069.8150986332853 1049.1276266812624 1057.69517526413 1037.2495085346786 991.0422174723296 1021.2813938362632 1009.7453742606488 869.1752796792679 914.6804084641435 1100.2185060725224 1120.6034665515363 1120.4369796234703 1085.6866334567912 1184.3750593447805 1129.8679763573778 1150.2297261229808 1123.2748954385775 463.0563515065288 646.0913258635958 129.6057532097334 116.27346957960025 133.48925931643237 139.01899343183393 246.23010583623915 337.55537602063305 364.01414742434724 672.7328280683669 632.9901968774299 604.8992631416901 462.0732476479011 376.7392950267541 455.70070866514703 547.5406426295726 451.37426455995615 433.5078639943996 492.8787941615299 534.7606376836117 429.7938539952863 416.8895731890259 667.7178649868047 725.9827979038987 695.8072231663913
894.6500013049052 1009.366664390687 1105.4759593991455 1048.1477030906165 1017.9212384558616 976.599613590037 996.1465054428146 1039.8678711529037 848.5676516080998 944.9437224775729 1097.627601163093 1110.8655989335728 1114.8482571322918 1099.306466674739 1095.7780721777153 1155.6090131918527 1135.9475137604884 1182.3655910638363 1184.8185853749374 1115.8519522059605 405.39539058081243 135.39594476466056 123.27200376838638 135.76102945346736 454.50789038746973 505.5798426250983 329.1609630382933 497.4480414286728 696.7204925938573 619.1173224825313 542.305880109607 410.2902782422058 396.02985039788126 363.69132286190575 564.9141252488301 458.38339332536003 485.1347585612174 452.96250694796095 483.69706845262107 459.89151313635824 317.2818717538536 138.67150018604013 474.7968807930742 619.7307735389713
965.0694158608758 1015.1988974947279 1099.4484628746834 988.8180980447881 992.2869816478229 1014.3853113779418 1021.2789132690497 930.7699307322072 896.5510445996715 1074.2710037479885 1110.9954658142178 1116.686180474942 1102.6558307247226 1125.9356482127525 1071.2522121477564 1103.0955571660206 1129.9271179394773 1186.7854726841254 1170.3580604900794 1169.122524757028 154.06821078177626 201.79176019533605 129.78502462501746 350.8812670400331 490.2283877006683 586.8381366670544 266.5390421996255 632.6266549643237 622.4057559231077 605.0938100502129 540.7155394216616 442.9719930313602 427.9872798583417 429.52557382960833 510.2627292714459 488.79675344000486 530.0015063200503 448.16530932424513 344.24921852379566 324.493803721483 359.6413756220238 139.70890216436393 254.51019462338937 389.4090339318392
931.9898431752122 991.0709773941652 1018.7308650680682 1008.1752666213877 1012.4013867351202 1029.5914331239846 945.1663741445478 909.2556776229076 1067.3880562067234 1087.7804384855394 1098.3737217018079 1081.1853081376414 1109.8046485229809 1096.147417051996 1036.4300507636885 1079.5082190627775 1141.2905854481892 1187.0060545740737 1166.1621552142137 1138.3793097629339 148.41287011620108 122.2832538019382 130.53361526796377 138.88831796169808 643.4375354792846 688.9396390776974 479.2281063772836 790.5300836010274 522.8383532490542 652.6854783872654 533.5519167054264 477.3100548035577 403.3496444301983 463.27920920962265 461.8142731127417 586.5055615583165 643.1222614694885 602.4205740371734 557.9803959900272 395.94773453160747 414.77860831220613 357.1605857065625 269.8831690896231 336.99864605834443
940.0827792011697 950.6730426494313 912.2671851409502 992.4028440168129 983.5271303729292 989.8256826781353 913.9214225163043 1015.3731087315032 1078.7495494208179 1076.4503705176946 1058.5070406850093 1074.801456643957 1053.133919369381 1030.5664906570842 1129.266273350276 1122.3963891996289 1141.6748494350795 1182.0044717972112 1175.5647147788657 1180.2837420997776 145.85770925453593 118.52086324963575 128.13667233164344 676.4042586872456 685.9615256566949 694.5542437827074 598.3427980278475 839.1302494176598 861.9675711105276 807.7546296259304 527.885712159931 550.9871161900976 511.6663720719308 412.4008752173976 459.3790716659 634.0113098928829 712.970679040524 603.3605360163403 587.7459135862632 578.7590898211756 492.8088879792738 399.6088665563946 378.0188543532238 357.03456973581746
943.5436137343243 951.2922243045115 942.749431749323 957.5718659021571 945.6890788031099 932.5143540003903 918.9400546044371 1000.5802178146699 1010.7276378438565 1046.9719005210268 1051.2931174371008 1060.7749789799657 1058.904999426419 1079.6953724103682 1145.4090500505376 1131.5201123057402 1148.8213677885838 1170.4467640437576 1188.8976261028758 1198.5061913656916 599.2686235997189 112.43386736593828 389.21061581603226 574.1304577612691 637.2613618711564 700.7213076750045 496.63719648499944 529.6260398378483 1013.8295902094446 898.0145640363262 596.9494348723866 550.4783397065817 513.3338177114327 417.03620935901745 491.77538081117746 561.5269038052368 671.5554475093163 678.8828604833152 622.2861082097272 610.2176866536693 533.2478630130817 548.8818971507186 604.4364044132352 541.2816490463939
925.8516503754169 935.509591506024 947.1102033007904 989.8248801421918 977.0699139303024 957.4624026925412 880.4723112031372 933.8592257541648 817.2520161612177 923.6710656581051 941.0623963952571 1042.9881977930681 1047.5925579413213 1023.9745078858876 1078.634275218834 1062.3683294224438 1088.521164848541 1111.0171933328807 1178.5095767531348 1196.4488745551942 1191.259434053004 145.96777442545994 119.26427205089836 133.25153138751307 137.36023765705457 515.4660510635538 498.9957593074489 457.5351198369251 886.1730991855407 991.5445126684458 648.4911562373136 437.8509055522759 490.78984355023414 483.2269804076301 559.379945560317 444.06857157497893 581.5132341207145 620.6659625586146 632.924731316941 542.3305281014349 473.9506417405414 622.6416273264169 713.497748638285 796.7515217548495
889.1923712333643 938.0655209751701 958.8226696482596 982.2050402796463 1023.9125023414601 990.0844757954337 922.8266197052232 998.528026401131 893.4744713727526 920.18610130608 845.4716372629814 948.5138597254916 940.2249389840808 948.2017874242008 1006.6775224260173 1027.3692576143699 1082.4526963250144 1136.3399723803034 1146.045586076955 1178.7942732748616 1145.2134872237857 437.0771767949585 435.6314616354384 413.088817492951 471.60171969309476 330.4805955738158 456.11823484257616 414.36633932422444 652.5665149100989 981.7936353281593 699.2585430216035 442.72565955008827 479.84031169054504 555.8449805920626 534.942230441385 459.4773770680449 561.1783046596228 536.6221770493623 554.7708225461824 526.5582862477983 466.84856866360667 587.132506065009 722.5180758555164 878.6068686138744
802.9993830607045 945.4041978512305 955.6896098628438 914.2198370455104 980.4021585981101 1002.2074450965372 995.6329908197911 1000.4933601252668 988.6296044323883 973.1263687805696 993.8909823426466 1030.0831023749527 1036.553743053309 1027.0086899323742 1042.2734137643959 1077.3167188461593 1072.6399939303396 1107.4830878288478 1157.2018560227186 1101.6862622608837 936.2097377913639 674.9341584818553 681.5523817058091 493.3570082369135 460.6779085397161 448.057705953663 444.77689432610316 375.88908441920756 516.2258801859736 920.3781942316633 779.6999601348737 578.2553768139843 417.431893687552 559.9481854650486 436.5459019777781 519.3508073639136 500.6005205701284 486.97122638204235 529.5434043031189 553.6804001826695 464.29207643739164 550.7694659016906 686.1690480890045 793.5233441906198
729.5967041238381 929.2861624965497 994.8089402327752 1021.8828961872962 994.8075655793501 968.9487813678538 981.9924551368308 1014.6202203750197 1016.0222729058577 1010.4740574480371 1080.2248676233562 1068.1173050309374 1106.4887309651806 1110.244979760452 1074.351029330079 1125.8366090330524 1134.9360264101178 1118.9481147460174 1190.3738769531824 777.3528890820961 837.8099947009766 681.8437347990138 754.1211096934003 669.3914185204599 509.7454288811953 590.5323735776783 408.7997763924357 397.4611026966989 496.915533013167 889.7130247653645 839.9850444999038 663.1823133990436 502.3628811257983 477.01664177263206 405.0272731003148 455.65710925024666 424.02280798448965 363.15696115485196 380.9918419414543 596.7303708568136 462.7885527802371 544.3730724339333 629.3802325402544 702.3211917959713
680.7613224987111 844.4394793654668 898.0442898244522 994.5458118285761 1022.9208097035702 979.8253178018927 998.1192483692107 1013.3894984078441 1013.6203435570292 1050.4150390978252 1043.7028970916942 998.5303776652202 1031.5294524107967 1066.6749561081533 1125.3664964800896 1134.0954671024242 1140.9688729712375 1075.5125670525836 1044.299266543179 696.9788353455722 839.7695028084756 694.4833499392437 770.1971479192314 811.7411274970777 646.2390697375079 593.2935174461477 473.40847092277806 416.13195690019126 500.97953971780487 828.1460097426439 932.1692834012141 669.4846378113232 724.2102302878587 500.87575819214607 443.82574339977214 455.8435820662306 401.6035971728742 452.9897306403048 293.70462462677403 442.33095057722926 488.6496954939047 513.5885080601876 616.000652014744 645.9208706371597
768.7819925088888 864.534412091814 904.5649108065459 972.0209371791786 968.1244721997456 970.1088531968501 984.4338022999478 1006.1609924213406 1010.6550883489358 1015.8051414536852 933.6973292655452 911.0959037988221 1035.871956672931 1147.4438781480303 1146.4687721016426 1118.3254169973484 1133.0440920389347 1015.4578279736589 889.9196664986148 796.7583422683953 874.7929752664901 826.3662499740452 792.8229032372379 807.0891053809216 709.741656468766 595.1109162953277 545.8317395881552 468.4074975404925 453.4115224026547 663.756569432019 913.4892116224556 719.2710510893266 783.3178155853972 631.9589696688972 523.1647226040824 455.61892754812936 348.5124140133895 528.2264666867877 457.4698018301952 387.6013855444429 397.0335985655684 394.442191786642 555.9246917612983 664.6586908874064
842.4304163248205 907.1171324745333 923.7152584909305 944.2162420243161 937.080767361065 974.7008891712749 964.9099995435478 980.0588321492573 917.9022661477509 898.7499259530625 947.8282544728418 978.2644234356911 1091.4919589785638 1165.061076924067 1128.6344560006273 1099.8521773691534 1092.666215704111 1007.8696888212221 834.1803582527974 723.1877800700953 874.0190313463747 877.4996861931311 822.4240009924409 797.6742940376267 726.3591714049493 631.648531363662 585.2615737274284 545.5440421789614 407.76322625835496 463.7483122397342 852.4947343231897 846.1232971725307 853.8264852379177 790.8551754411691 539.4662119376629 491.11495225087305 332.35244450527455 521.0109679902858 567.1531804982166 564.9771147021956 395.53195534860197 399.40212893390526 524.1518979280833 526.9300490968051
868.9679418533008 922.0034048891645 936.8331633639744 925.2641311824759 954.2902040996232 962.7165322986261 943.1180149018179 907.484150562835 825.23597590685 940.7736216339408 1001.854539345619 998.5761131953828 1113.1585219079996 1156.6372871737292 1094.6474780265787 1061.2693947910047 1051.586462045206 970.1503102766874 798.039570822189 674.5863514808318 929.6813259548355 894.8965858687585 875.0305756097559 799.8394992418893 731.4743679012964 696.8928844429315 623.420743269324 593.1993928720716 430.63687560839145 364.3840974123186 669.924845086107 908.7287590506913 988.347085777718 920.4738531922853 545.421155664518 494.26433484055985 374.4547264821571 526.3343407613038 594.1786568718065 586.8526559832866 408.31666433311284 517.8420053967387 691.3075814397273 580.4498883199188
893.5812928153479 908.2530897928173 922.0547381506497 945.6674132364712 952.3237680488238 933.2555902164567 901.6320540085544 886.977581479277 935.0851446633487 967.4290567067345 951.722535305923 983.4446711456337 1085.474865901283 1144.8720710396806 1057.0221213217555 1023.8483685471979 1033.5502306020785 934.1183870620249 787.71628175141 703.9798630868681 981.8629100329156 948.5503764821473 898.1133463278707 797.2474151018524 714.1789897515744 729.6940249192451 651.4628932293667 567.4546019931864 550.271770194743 397.28640176453126 449.56598610552305 841.8866312174862 987.4001143319945 942.041812737828 762.9977266860293 472.2758003219965 372.4106825486231 556.1360332506907 590.7648506609853 585.3860674260221 412.9363865731373 657.671838620082 647.3265963446065 723.8846091111964
902.2637386610879 901.7735994957078 908.3825222514904 947.0426749850692 930.8429175348284 896.3976491971392 896.1840116583603 950.0571086988888 995.1943588567465 954.6629879192211 966.3257837437898 944.3398293949234 1008.4050933064091 1046.5764642495815 1020.0156173735596 953.6734398428835 963.1457622599435 928.9964452426509 778.5202339346292 731.3934221739248 1003.4920512636547 981.9285302113627 874.8371090577231 791.5493623700886 760.2068179006436 744.1946047054987 644.1281819657547 464.1550003357173 544.8434703339356 625.3633882768706 400.2752946614421 623.5594625931449 924.3191974092695 920.3385421620653 842.0635917916237 645.0970004834269 497.0392659463673 578.6758672253276 548.7893757564169 607.4286808123032 464.5835628305014 674.4981868323493 665.7705727531419 701.9672957043045
