output/SWRB_raster.asc
NCOLS 189
NROWS 177
XLLCORNER 690600.0
YLLCORNER 5139200.0
CELLSIZE 100.0
NODATA_VALUE -9999
[rows 0 to 19 of 177, columns 44 to 87 of 189]
-9999 -9999 -9999 -9999 -9999 -9999 -9999 -9999 -9999 -9999 -9999 -9999 -9999 -9999 -9999 -9999 -9999 -9999 -9999 -9999 -9999 -9999 -9999 -9999 -9999 -9999 -9999 -9999 -9999 -9999 -9999 -9999 -9999 -9999 -9999 -9999 -9999 -9999 -9999 -9999 -9999 -9999 -9999 -9999
581.6217089022651 617.9448375089481 762.5572209533691 793.112778319423 777.4498045035435 681.7490108210893 689.3036188326761 703.011225803951 562.1860946359095 417.0467507459985 620.4942579119503 889.6667085237618 905.9543542217606 827.1237175893718 711.0406909317908 735.2289840291696 652.7716034371242 587.0806178687017 645.786751198391 546.3016545445184 522.4562331209823 470.61017985804324 482.424409046391 301.92974059575397 372.4247658442195 362.3752923094762 401.9520491847288 517.5140490851072 733.127401783487 705.2469742347107 797.5304658045825 860.7990309484368 727.8354510007052 786.6103000497098 775.2419162191067 796.2058936532842 711.6515641117608 899.9740096855974 947.4645947163746 925.5983497703851 901.0859416267762 976.4859921467722 976.4429309799367 807.0384090530366
813.080981265715 828.0628642508998 860.0117003502498 926.4307691679226 902.3120773101807 830.3827979891677 849.0014839813869 872.5164491501703 914.6116744466738 749.8660374926255 431.31056655358555 712.4876381434347 967.6815950510952 999.5252365497391 1077.5069854828923 969.5546505400179 834.9406781878009 786.1310418627223 707.9657017509433 703.4567333028452 699.7202073406179 683.1249693093436 741.5530042769296 453.11982703529077 549.7739928172402 458.6341385085907 414.336925704677 444.26848217753854 652.6636033368443 725.6592077719313 874.3298005062085 1038.4625561503015 1027.978092739796 812.8331522914715 760.3758080353991 834.9058530949013 691.4744063279949 854.753757836097 1106.7085929269792 1140.0087450644576 1133.6314937334005 1124.5984175946408 1103.0965798985712 999.5158221510649
766.5358610016203 810.6420039246332 880.07205375461 901.7520486835034 911.3715672976996 819.029856657008 818.3590983936376 830.285502227615 895.3688607593565 848.6302694937256 527.5946559609282 520.9935590928432 483.99980154268246 132.43361804067465 1048.7822178978402 976.4829994405154 945.0165454856331 849.2017375395767 719.113794148986 692.3135830913711 677.3819444206109 652.1070769246884 739.9325007021065 542.2908329765595 483.6333676089357 491.22585251235284 448.424380756013 419.12768972438334 453.04289723665886 654.7831782260715 746.5327792131023 953.5482361765362 1122.0356521563149 1059.2833290429273 973.5149760410247 861.445833845908 756.1304411577155 626.4056480632149 727.8681342103066 900.8817307177202 1030.432425942621 1026.0309495756537 997.2805716169879 942.2409184031997
785.8004232083816 763.3104200193445 881.5459694185932 905.9253109196349 932.4979241264678 885.5958376914225 752.0035040722096 786.1530872904937 878.507418280962 890.5258512082646 719.5484433769536 725.4307825480502 615.7315528204915 250.02120001477323 993.7549351229213 921.222617994401 892.7765557991094 861.8949222884579 751.8806777821186 695.3554881242527 649.4877099066791 489.59207098167195 660.2989066765132 519.2073796413126 469.53678571928543 490.60604174647676 451.20707290410417 349.18795132655623 389.2206576504117 535.0886333408771 691.3153964812791 858.7802785346681 1102.87206907591 1085.1592311897411 1103.2625270419844 1091.3404294263207 1048.9107565035197 1050.0697905679128 1032.00870439861 999.0142281337975 998.5304444538203 1078.4460767140201 1119.4064056106838 1041.8907697857767
822.5437203403018 755.0832165715422 861.5223058350774 849.954267615475 843.0214553046575 844.6274859211483 696.5253063285927 758.230231937112 756.8906203994984 821.1811710303366 809.7808278995558 804.5662097993126 700.972380631248 169.18099073796262 792.9362614215952 988.8678740177718 897.5079758008123 936.4662845922703 856.5156063427816 740.7215225664053 656.1296286847447 412.03464112240545 137.89221071767955 532.0060053103758 429.3058310682443 387.1107794519819 141.5129494505721 381.487523781581 310.3411560423115 278.91373847685054 138.1771068301593 782.3787761358041 1043.4550242155183 1086.5719852203035 1050.785812449891 1052.788330299945 1058.1441522936823 1115.1087947578903 1095.1712822632403 1074.946408716519 1101.6222619794678 986.0979879833975 890.7690858179342 902.0842144832178
861.5376295170443 805.2065971017154 878.5810530598442 846.9797180658986 874.8649635652212 835.5282666393753 708.3268134759252 726.9279918934849 782.1998357747128 836.2283736774831 878.4494967343952 868.1824326451723 838.7002753168881 243.36082660359105 651.6249703143601 1056.214015016577 904.9128891180912 959.3403394028979 1025.0589268811382 1000.833718909601 847.5397879231399 622.6548108894033 515.9596051921385 540.2519438483117 531.7388981985564 394.9180218469851 140.2185197088338 450.07004723501984 133.78822012336457 242.40651216333504 136.45160310015612 618.0957674701485 975.9105868258129 1097.5784087377717 993.4777696694943 724.8630419178048 794.457415092087 899.9788584142906 1060.5694634447686 1093.0920564199146 1106.3652443060264 1088.7459302252726 1028.7212318851596 800.0857655245904
754.3024075113026 848.0818438441515 952.6343460150548 952.89740264296 890.1717184743101 870.8446686729526 838.0385567451772 623.8251284531641 655.9956811356266 662.94435890489 838.4503741923677 819.6152091312517 947.854481313748 410.84797655171855 377.21652188062933 925.3113379683041 946.5784248176584 904.1211381289859 962.88483381026 985.5596737940461 893.1931775211862 744.5948707628828 637.1153171677256 157.3564869804155 124.66158288039121 130.12218921690695 135.88888680942813 132.72629644417492 139.8430941237248 129.08694664038924 131.29258085803943 132.29685773712734 819.1655797175353 1120.6606114180172 1121.7692480607157 1075.2057896778172 1034.9593371524163 1106.6699920057465 1072.4053640082989 1122.458448505347 1158.1980879917999 1149.4909600375997 1049.085506795906 895.5109836223984
729.4995914319015 778.3973896598293 839.0510085567208 1060.388161005807 981.8011468823602 939.344311027156 945.0798182242854 783.8255487363889 666.2663653150142 705.5810995310661 819.547733300124 731.5828980563683 915.8344704330884 590.2022585967775 364.4828462417781 660.175202881303 1024.8400902472063 968.0328809328192 978.1650278472489 982.5259574999887 934.1759806862441 849.5442470819194 1071.882036154687 598.7648765910627 128.7373601471644 126.85755182577232 123.38483659857815 127.28235575591997 166.75540189926653 128.4118689629933 125.02224192780824 130.38065800738917 131.482691384885 1008.1412614064423 1092.3791824990856 1049.8955980912933 1106.8333735740873 1083.937475770044 991.8496358951666 1060.6802950080846 1140.2592198708167 1157.460001841953 1087.6758948074348 1001.5599984924081
843.0578370184598 862.3181892420497 662.5748340533622 1045.8203854605167 981.6783706172534 933.3944706189343 910.5814820345757 861.8281962059772 549.3338622113484 588.9214121865755 832.6561226523957 766.7858042841933 914.2112032025373 908.1927123622187 448.52674867582687 405.3820260008831 915.2893168924139 1022.8649085148327 1017.1794476694035 946.6154080787624 723.4032774685157 640.5682295613153 790.9520532077479 398.63574166991145 246.96579996807 132.6279853521017 134.19288779588527 165.7593738502608 131.9052420529279 131.3829323454337 128.27208210428813 126.91067697122934 128.41155999542204 516.399094557879 1056.294264737165 1085.823933147901 1120.6765923682867 1141.0173004386775 1056.1132677603978 1105.5219146455809 1055.663965067737 1116.5909190755006 1103.4622651677903 1027.970411357181
876.8441018699792 934.726438582235 710.8427080864556 960.3687298280855 1062.3932337691338 996.5519975388293 930.7737365369801 974.9634884222377 680.9431028974586 451.3311065581375 563.3997620109757 721.7287011291503 707.5678229711531 846.3321446580367 500.1482644195439 448.07890057200206 602.6921323291172 984.5706087068373 928.8368502330732 600.8051753128287 214.79460898922207 97.4834774767216 102.68484358380451 133.838386956351 132.18789958287655 130.6583636865426 129.64791929628882 385.4376945052916 137.8986465329791 130.6995546535281 123.19455315018823 118.17195879480344 125.97854678603142 127.61080454144512 123.5650868183015 1029.0729400254813 1109.8333556654384 1100.8687434655944 1037.4933282871782 1104.9251486976802 998.6438969664796 1048.2514623389266 980.4083451941917 1137.0515893519428
939.5653264780808 944.6721695628128 889.1910133746107 765.9227510570457 969.4005262660163 1101.1834198456502 1005.6488172039274 989.3239388217067 946.5158149259275 619.433292335921 444.2575569022801 537.2094730760764 700.0562788020927 412.1048778958918 468.5894660803108 519.817391353831 375.5244770612054 797.2857698939667 715.0262398381878 820.2204905584255 1013.1388478372586 278.65920795666295 102.68183957411608 103.47189587202092 109.85893904292165 126.63072672985919 134.20579452563044 136.39287623454896 133.14989486514247 123.63011565100504 119.04054120426828 132.93303760672714 133.87245887214053 207.74464917239868 128.23678285052335 682.4520887421302 1091.0283571755206 1041.4763923244477 1022.0271356814052 1000.3503146437087 1039.0461315318303 1109.260727982467 1095.9121528294997 1148.7225809813428
934.4482913490008 948.6288796156402 1003.9962052922775 892.676257989775 684.0614042713788 934.7619561399802 1079.5485472843409 986.5251624196937 1114.4951439999966 1014.4047555600521 796.5938471192205 664.0011330774145 708.8935138850422 126.61549977686876 246.66111477736712 461.2193424843074 312.5258603358865 1023.2781253426576 1039.3821275676316 1143.2904434679394 1134.6120988189596 1117.2675277139049 127.51206046711016 116.57129348137624 118.99023320435654 119.97469542119424 129.8459794534317 130.40678471025308 130.47980983433033 132.4744044562455 134.19377208534414 137.92388122912857 368.23458499190406 221.54398447011386 133.8986027514098 519.3750394258136 773.0414844487163 934.8347860888773 1036.4329588520256 1036.2212129875911 1118.0052984448967 1141.982050707879 1136.6951211542398 1147.778995387716
946.6620114564937 957.5419038378357 989.4823898354507 1003.1509436214856 892.883627254091 829.3108055865303 1041.4313068803622 945.6936942562207 1012.7757350919585 1042.5662358909249 969.5978181383263 803.1893957399404 830.7556096367399 122.48636659439344 109.33007437159831 111.77326529128186 443.12234894390406 1122.6984253485266 986.7384775733617 907.7182092550297 1058.9146111773805 1177.7097970459345 156.0213208037556 113.59190298986783 107.28898813500147 105.96943708321658 125.60935814802573 126.66165223946453 129.5096178187651 126.8248429013718 431.39568713803794 254.15607514541017 222.3308335167314 134.81608528510486 127.92478446220923 130.90429496459942 524.2166676070626 531.3064535931812 794.5044174991488 895.3820332901048 1110.2483625312593 1100.8562187717105 1136.7966048779297 1155.02028019325
1035.38830710039 978.5825997957211 988.6851130349484 1020.6083100141175 968.4389653858368 822.5416172690186 1014.9362525251172 1016.3650682805982 774.0211259355568 483.0973153366248 804.2389303351215 594.9995207095718 1052.3895573632851 137.25802374580581 116.07503712178426 110.97240437503137 99.40925899646773 100.9529491029355 972.4963918389603 945.8808597855309 1101.1288186108723 1051.8219071132407 393.0704729548115 120.21177155703471 106.62442659284311 107.80760319493213 115.936956591143 121.38223240868388 122.07443106784503 594.5319249884868 134.68465801358747 136.72948420830758 137.2057489424958 133.70518978713403 127.0643216301354 128.96659559182257 585.9049098311988 331.596565155889 388.63287824406694 121.3120200309558 969.4704799733641 1130.893664465394 1134.1844305062853 1152.6884357931929
978.5343203055568 1064.0055199355536 1043.4860634146664 1053.5146698865185 1002.8345405687287 877.3826951815602 960.1972399616762 1075.6010210110558 1019.6622575672147 391.72629589722317 1065.5980666994117 1118.7616613806422 856.5869142280096 361.50281446184715 123.2406699238048 112.14961866046279 98.43156352679259 99.47849236961402 1044.298567300701 1139.044953877313 1103.300337474807 1131.098211806175 879.0034541902093 210.73290915220042 84.90428518235015 106.48523097029926 118.23444115691461 120.52451791878374 123.31282081025552 131.24394206527555 135.64063439572126 135.2453799115916 134.0990916192679 118.06082092546788 135.25506716054872 116.22942229504292 935.0636944828825 702.9705382553022 150.18014796498724 117.67859930560519 121.20327945971987 1097.185295093791 1135.2635635575518 1090.0753395236482
706.6897619516143 841.3515289316684 911.7944731912631 991.2494244239115 988.628396426871 1033.9769248825912 975.3219850691034 1047.8289343371382 1125.5052368371425 1128.2411345207581 494.6848209080867 611.8967465227801 1160.648369663493 648.3146102616932 116.89054195336354 98.65781931938074 101.37265926870042 1018.8841713635546 99.95659803413274 904.5996753573907 734.1189883223958 707.9236776588396 435.24941287693906 490.906126288715 117.17292948383034 113.7278776864693 105.27655537272571 117.12460084318609 120.16647893663256 129.22169125527932 131.14545718901024 129.4745432009708 129.9963842004863 131.7383827981556 137.0748035261214 128.44076428845534 957.433855826581 987.3783171272632 154.5016485025877 133.5385069190008 129.78408453948884 1038.9140635636993 1024.9137832124022 943.4849439418774
916.4686061256677 940.7517692458348 948.1986025438484 875.2102102293611 765.4631526608214 875.5450590156427 831.5839604355162 760.6862687877092 986.7302439323357 869.0697072138632 525.6749365830204 119.93115100507907 84.59535230332833 129.96358342933715 141.37080355645594 100.6865483506087 96.4408078747436 94.27434724867368 615.1413478799578 975.1386140967118 826.9916944440672 853.5132389023602 1176.5696286333723 514.8651191451174 125.14211871892414 82.34083033334277 104.05775239061764 107.10810035362024 122.88057096558627 124.41210100857246 126.96742994451554 126.86154723699026 125.25114298605966 133.05638404941345 134.08164139053753 355.62257732855744 936.9076298921083 1060.6229704640411 147.11868519865723 127.40588918299568 114.9437397257563 1020.5591071737897 1021.235424182786 906.4221900166601
931.6544126756695 892.9892726987796 923.255853518979 922.8603127281648 1005.0830199092577 1077.9369490550814 946.0083499308114 393.68126755652645 695.3792356253939 1035.1779076764096 1098.7656863128534 124.86520788453421 106.19667659816747 81.05868670686914 135.36133143847567 111.27289461527027 92.30300756514515 90.5725646669177 972.2123120050265 722.5722458813848 829.2225992706459 455.51486425138586 114.57287292595598 879.54089008853 221.01774174958967 108.06238746131824 97.44471684568735 113.41337839820731 126.2020009614267 115.81581125037714 121.9076449948885 123.21859220779565 125.33025130468098 129.81014548912927 131.38217744432103 363.89447194372684 883.4049964609976 940.6621020397556 164.67633063036902 122.50239759114702 102.62398316748163 1138.1830965097968 1136.7576559878469 979.0156170390227
887.9171885029904 942.4287133997585 952.7346294691486 861.3694788394608 945.8821114100047 1045.3966305167062 1032.499169584305 854.5482628729106 197.48311535193739 94.42548432730813 1130.174828822717 615.8941238457821 122.01992413609673 112.66863608257451 131.2194264104911 90.97033347332322 93.16219375433529 87.27672323604912 1092.1022899276732 1152.3441161859398 1187.2407600739111 874.6180252320012 954.3814380540023 878.1800471720865 706.9952235421979 121.40357242721055 97.16965613560178 103.38539510797301 107.50484601912942 111.46250152802246 112.56058683387147 119.26256167054922 121.58020167936752 127.77783904191742 532.6225735497662 334.83471912212667 830.5796814668556 929.344525490358 496.9023023234584 131.36964084653354 110.10669764231261 99.624325118909 982.5069139327978 1043.4920322127975
