output/SWRB_raster.asc
NCOLS 189
NROWS 177
XLLCORNER 690600.0
YLLCORNER 5139200.0
CELLSIZE 100.0
NODATA_VALUE -9999
[rows 60 to 79 of 177, columns 0 to 43 of 189]
-9999 908.7360222219545 930.2686395802425 951.506049435535 950.3294008192237 1009.5706981602183 1056.6121056633406 971.5609797427733 1027.5410586466116 1022.4171789774247 898.5176404099257 924.6688624251799 896.4351491120092 900.5561796622665 900.5800695247495 915.8747742131126 978.075540421243 920.1618401847054 800.7898882953094 877.374473726238 996.3055950858192 1064.7217932328283 1013.5175793011006 1040.6657597931805 1004.1035873577218 925.7437817384838 968.3554314130353 1091.1119154888743 1149.209779575606 1141.9850789507643 973.6163688882986 806.8992630206368 887.0552657948151 791.1161097584904 547.0787174541908 573.251308140712 819.7779168148045 623.2902970006638 515.3008315301611 825.4416812938736 993.104102740882 933.4951753022377 955.3213225260104 824.0898322704484
-9999 783.5106340932315 961.7368432719898 874.2616395374101 790.660651372935 802.3661260995002 932.1087647038632 944.2109387291455 974.5965625391891 960.291752360336 911.5701642350392 898.8032239992679 932.3234570189758 861.6966214094355 855.4931567300882 904.0201242653604 883.082409759739 750.2932509138816 855.9037475538988 943.7092695267866 894.1347703389395 929.4880615613843 1007.9370960162908 1057.0821402302734 1054.6047953259008 1057.3513811155763 1117.1221173218241 1110.7436383704085 1143.076571595532 1025.1261318955203 969.4400993208044 927.7685546957582 1020.1030823450092 1076.5047304313916 715.4306786950956 661.2665518550648 759.2660730100275 810.8042409240395 702.4859617910538 757.5549936327023 917.8162102678709 930.7735922740438 878.6453340139147 752.2345818716501
-9999 479.4017484387013 1045.3723881758701 1008.8892770884238 1015.2216370188714 1028.6769128320782 993.5069687066508 988.6295402978817 980.3954423697477 897.2019055825198 935.8589709802834 884.0304966051383 892.1444683388762 829.299936212289 752.0225513733624 813.894299029572 780.9304365727867 750.1498932630311 938.782934799641 909.6820526090193 758.2377020196428 1030.9104243649167 1093.256898764841 1047.5328468185712 1043.1132074835239 1114.4250594844784 1100.3304647921047 1037.0630230328757 1088.5696156805527 871.6585070154711 934.3913153650581 940.753105647173 1123.2542574067438 1145.0633764375561 747.9969284847235 805.122165720686 772.9865453462571 864.8271034988724 734.1682137823167 832.2318825308331 916.3680019485331 919.4125438776532 836.3348901185334 728.268867901049
-9999 17.578964035742253 904.9562409409966 989.0432756070797 959.7686775444638 991.7385125876256 1048.5184537850275 1034.512693357291 975.2661127614497 991.0174323111928 872.1446479617091 865.8739337484967 792.92591177674 745.9469466682823 742.5395024971048 759.1996866963029 818.5017531998409 731.0683230425658 867.070581427714 991.175105067954 915.1391418735668 1049.131838102626 1067.0958988325801 1070.9974541864622 1072.2091791102291 1111.162043827664 1137.0548193159473 933.672131390257 973.4601952171844 856.1610010592215 981.3461072937607 1021.9996242770766 1115.1667615317801 1069.1884240325194 732.7599903783484 857.6198235163007 744.632899021736 839.9845383169776 669.9933073056173 830.9047726755985 887.401007808496 938.8347282648814 964.0644382377986 852.1603455649675
-9999 0.0 134.98641096117754 871.9144137434483 979.7214238001575 1031.1124357713034 1069.7705969768426 1024.916662182287 948.6925524480554 991.0562279081814 807.1767886493651 756.869255078667 773.8975020761883 699.3469333588197 817.8200628360358 713.3852946620414 837.8067811782463 830.6604095251787 910.0243932487965 974.942065284869 834.0289440819606 774.3817489576656 947.4826522500614 1016.379105701738 1028.9688573073367 1115.3737959376235 1050.9639098236235 893.3583887881152 1006.6954385834798 857.5874891693582 996.2207962355616 1022.5245977166389 1023.3401261358806 1025.8155856357196 782.3757415926158 858.5178174569537 773.2561177291509 883.4360373628269 553.3823413075305 891.361138839456 874.4758594063856 955.3638325687899 896.0553548890686 761.3380211735964
-9999 177.6828869841246 147.99991000363434 144.19557667691922 967.1525478742658 1066.1600907535578 1053.0861419130763 932.8368596479436 1009.1771332094258 954.3129026234216 729.2945551250375 759.9461738591123 743.0275571415951 786.6153915331613 837.5570666859535 757.1158758131367 877.2909787533144 901.9177934862915 860.8854014516713 1005.3689751235182 1074.2643120165192 1045.408069836058 827.2501410711288 888.0868307795204 817.1740756937761 1068.1481803222214 883.0354735017231 970.2370809551503 955.8526640304243 935.0000547683368 980.9687608331619 1075.2964550740558 967.686930189699 893.1306287128571 695.5453548329826 747.8866846842283 716.199424139252 767.5177582183272 560.2701612895975 864.7296753563367 874.0531879572966 878.799937421891 783.9925569800479 774.4322509967733
-9999 214.15217715499475 264.02893587543133 143.17739574253017 708.3441938563449 974.6238586140298 1026.9677369375097 963.0579340237837 1038.1298475853685 946.6077404412877 642.1791634739841 880.31847131928 684.5994839514603 785.6007162093354 938.6766115734374 938.7943155082258 893.4557255852891 959.203318137917 851.6144355870274 504.29415715792607 743.497679298335 1076.6263822337814 1053.975691122768 849.6920923927283 800.4863605216489 832.4614895393456 928.0584479128712 974.1999168767707 931.0976810751945 990.0341126694391 1073.28951446788 1051.057229682426 854.3531421847299 771.618746550519 811.6515711102254 856.7743244485648 844.7643705743899 820.2640856476181 777.0922052916804 965.4069867557064 994.8501262149337 848.8376720540421 791.9101618397083 847.1489365941832
-9999 223.40510922160922 342.69475707688173 193.46142569252555 477.1944858080857 724.9867959457656 1029.4865914234626 990.8954916960199 903.4700509813134 881.4920060210055 899.7612212013146 724.2759414211241 828.9329563340652 838.5407328414769 897.676294870072 989.9956333388976 948.0179051205412 932.705070176345 968.0474703903624 710.9205541280409 563.4449334271721 850.9229823126149 1094.8910485051265 649.5912983745322 659.7564496858698 814.0901227367841 935.4140872149624 843.7354633458705 1016.1078335106951 1077.2357712034843 1092.647966746356 942.5592964296445 794.206867840192 838.8591548672966 801.483465194015 817.7854660974594 907.2835992341675 814.1562489876923 923.5994637091119 1053.2207697408728 944.7280503746691 823.9437682723348 815.0175996960652 844.2663121761993
-9999 289.68253301530353 397.0008262982712 318.6386381468654 392.78062048604295 534.1339196697365 971.2383342556491 954.3262686153546 960.2387791469024 750.226740397658 911.5833270894452 717.2817353456019 958.5715169937797 901.447881039634 852.1470186925283 904.7325219408108 898.7063081651323 922.707507811918 1027.9065456454719 980.4622452703981 789.5623395452944 898.5368489175155 1032.959934073928 754.2061471997969 587.7118436344477 787.849760282683 877.4853690070635 819.9476531408814 1074.961350857711 1113.290409773806 1052.526130813926 852.4253035765189 795.8263470533358 828.0522259614463 810.8086476482488 831.8309161196496 877.5257425332968 844.5820091175585 1011.5845989694801 1059.416121679023 885.1595389934641 868.0329715234228 811.7505525248857 813.163871382955
-9999 277.3654756624035 502.95338382366583 417.24273444476273 303.56449700470324 555.1615967072593 854.9794363641872 898.0298084674023 1005.7742572424504 824.5396190257957 834.725856552528 911.6137969897823 946.8954600284812 900.4122947047679 951.3730889262791 1017.2499554724918 1059.116751589259 988.313584366381 966.1959981279058 959.2248076680501 877.6535342592706 891.8070028086811 818.9676430575191 736.0057357922196 683.1335376010541 773.2987939292395 850.2904835598493 912.3803057967498 1079.1904243240572 1091.7722035382367 1027.490780649856 814.7059180134654 790.0251916627268 867.4586406769432 825.091965541734 843.877742560746 852.5026833436795 931.4429533269079 1071.4477401571655 1050.715507758434 909.9119525008025 856.6881880037654 787.5655881598949 750.9635485978081
-9999 233.91605824756536 642.6264687507609 540.8813866278343 506.8492947223532 672.0470358902423 572.6998969340615 866.7277972844204 852.7928436002633 914.9737623038002 934.5126351532014 1011.3944877662184 1031.9296883244515 943.4079824119792 999.6763539788388 993.7641811521453 973.3436687473559 944.1835784804995 941.4828910339412 934.7395259577556 919.575038379356 901.4094273269778 851.2103022293219 726.9636073781099 779.4038541202466 812.7340531062279 864.7397816162106 987.7404398272179 1068.3967474820636 1077.63978499723 1004.6334293619823 804.3873640266854 737.0921514672641 886.1324912215684 895.7952374221923 823.1555900810029 894.641021099781 1004.8520918385788 1082.7754470063858 1071.3909817806414 928.5479201688458 839.5896954038399 811.1427599627995 762.3768761567537
-9999 486.1421595088084 572.3111008485267 521.3214018393141 591.4967848229325 719.1790169084234 373.8872463209956 145.33985021982056 706.2415515429255 894.1557699042598 900.884411969163 1003.400755221284 992.0270271822134 986.5554108009566 995.1877752753624 937.4382718368115 940.0719051282442 967.4283390031088 929.2301985593533 924.990985260546 926.2819463068055 873.0174361094228 927.3058625942834 789.1799115392603 728.492053955419 925.0886459538522 770.7978962429154 1032.2397695502889 1043.6069752271383 1001.6960433026859 939.0485720594637 807.7827436334059 617.5040935954236 998.0892652827674 954.8756657397989 850.7216745305923 911.8987661941658 1064.454904341356 1080.5972339571454 1027.6769562830145 897.9413429796318 825.7487352925335 804.6937761587708 728.5012868287228
-9999 623.6504150748767 609.8900303287312 534.8397520426433 546.4042116222992 666.4013507698974 513.480393498531 474.1914553856801 625.0069359835991 593.2138083361037 651.8430627551065 932.3739426937831 907.9855784637884 954.8560276896387 999.7917210231702 939.0427103570423 960.3140358648392 959.6756267074372 914.1548689812024 892.6536546257057 866.2875424226854 906.2924231786445 890.8135659164246 857.1643444231927 857.3051603252673 958.0152751894793 707.6594484679724 1028.5211461211475 1018.192172461166 933.3839548671154 914.914495288587 759.8726223107387 764.713541938415 1047.8853401718284 965.7220827687199 869.1194804284944 945.699454935914 1080.7184582290397 1101.4966907727521 928.521221157628 820.0444996432128 799.1021009372931 764.212228963336 647.0135775416369
-9999 627.558914296622 839.0856127347695 559.6224664771082 592.1123286581397 556.3881841833578 507.0593104295237 377.9228971840964 878.2582813331098 619.7419473903274 410.5629235952215 606.0163486153922 710.8885827990068 905.5433620175603 988.3651421873675 967.4968770029108 950.5396670289626 907.8983799221605 920.7771942766037 870.6074486036273 826.7351073319903 901.6853666482682 838.6511450203811 992.2961073028082 990.6373274935742 869.846245287709 784.8261923315745 994.8172748529282 950.5686284921496 907.7375378740221 881.2778244682131 732.535811069983 1028.4433092855793 903.9191316020363 1008.3783887974994 855.0682943375895 993.8346856187565 1057.4571401023913 1062.8933283941146 872.9155929604301 750.2277788681267 717.7146304045746 735.7145979636884 665.5316547917945
-9999 579.5170244986531 902.3170083074461 614.0194945144576 556.7225148525702 535.502054012059 408.01266142737137 416.19862241847045 930.6555328248082 738.0694282012436 474.1474173798521 430.8742873018656 488.59408513173173 552.4157113872168 768.5576702017552 922.0966834492167 864.1608963206562 903.1265048535276 910.4675475208342 990.67552310786 825.0144530726405 849.7774621050362 1006.6089715001057 947.2248650598917 949.6270077595238 779.0501753647119 906.992140374707 941.6329240110183 886.9843000748481 899.8384913998923 843.8172992265224 915.1246389225495 1004.7813487463831 826.7134225301835 988.5786434430589 956.5754998693194 965.6252818240636 1038.131670970668 992.3980277812524 849.7441884201653 781.7065174161642 731.2877324254166 717.2286190995724 706.1551202711233
-9999 549.7713323820601 875.3216288200717 665.141694189776 511.1160304801447 401.2783546399978 320.6921052891665 744.7183008406644 962.7072931814519 782.6489102393886 666.560345644294 548.6712009252647 486.4092713739911 520.563053276138 523.3888637863868 580.5351619615012 654.1590268618694 847.9440341189777 902.9137112983598 1001.8874246664228 913.8893977589373 967.3860997799821 1025.4104556760074 895.2143775834371 771.9866784978153 829.9231614846738 968.5952223876991 881.336197851479 891.4297749795624 901.3760421065709 821.8626991015694 997.0656850564691 880.036624419055 894.2021644195884 956.7322203476141 1031.3766171500563 913.1311202704882 1011.3430092416727 948.0346060589585 842.3921020626386 797.5620300221676 775.1990673752912 699.4259009344969 713.9343473468649
-9999 492.5916040868325 873.3785261842278 586.4669667236034 412.2521051012999 251.66757271838634 392.4793711437481 796.6151643836929 884.5356302320603 815.8136063644907 721.4818100067184 612.4112009457422 489.7919631964801 566.953335957254 514.9395598242487 501.17560238795204 452.8892547677167 515.5874342123827 707.1515750794358 857.2238022614873 954.646384065725 1083.946359036364 928.554322951193 906.6820051808584 619.2723910918228 968.2026253374112 999.0990829359415 864.8278939397117 890.9213325497402 821.9497672110845 938.9598474811751 942.4148831054217 863.1730260812305 916.5379927672038 967.221698278337 988.6710137418639 926.9530233344308 964.943928475288 930.1113297838382 847.7216193721213 802.5510331825403 778.3232567427735 729.7756036069055 736.9862728059488
-9999 522.6112885798631 825.5828610547612 492.28923896723484 381.7576657349057 282.752984615912 594.261311184556 874.0595331578181 862.1851402159014 838.5015707204852 726.1242783704276 557.8484592416224 561.1156278257668 589.1864237922848 561.8198308108446 583.3017428352528 464.2168035313151 423.0169145167123 539.6319680718756 614.9585247323146 777.340356123243 1019.589348110203 843.6275982784414 899.2348046443482 867.057207091141 964.4609186801767 909.1762990389739 935.4660438765369 783.0375954604428 915.1145565596439 933.0323318956666 870.4364099520865 897.8417964359661 934.3241629985747 918.5367808224969 944.2044776050724 934.3960430377615 947.4589342494824 924.2135581360853 839.9458035522727 837.0434187522571 777.1078964915378 749.1946030320837 741.9898722817844
-9999 560.2675247899982 613.5060616907745 380.9306941255286 385.1936567649393 418.22330739436234 649.7794774289907 874.10892498051 909.144316191725 914.9242928985063 799.796766614435 579.3838892714999 547.4827338905118 511.7528355017214 527.9038398322226 562.643006118843 541.730129960818 468.5386117687066 353.93131005396424 671.0373162147131 568.5132082325655 768.3039621997511 843.9531827991691 971.407909165453 962.5620568753894 916.8718539060156 811.1435921562006 941.3790416271656 837.2168909646556 1008.6788238911324 758.4106680647949 899.6895876796025 967.5739490804215 902.5302128360584 903.123468801839 908.7847671745408 902.6337056366233 934.9512414693437 908.96273392985 842.5107952529462 862.8600209083418 773.1821381782773 762.5313163119125 737.2496340347881
-9999 470.8282715874491 491.49716291654465 364.00313114255636 368.0085323662215 417.86302611329234 662.0827093172392 908.9695977682131 922.1870279099951 981.829030213895 891.3852685758245 664.7687818814978 532.8566238047142 470.50005996159086 429.0638376664989 488.7225658840092 519.3940733655812 503.9917589727653 274.68114389225764 713.403755762868 710.9206944641651 566.1443069386927 548.9589607970086 906.9938248511631 876.509272662264 840.8088368684846 822.0985815879409 914.7968680353397 947.0267812556154 978.2826316116988 775.3989688156811 970.0122103974784 884.7704279963875 788.1036001977092 939.1873325645664 873.3107747230579 930.8139337809678 896.1091513944014 897.4958100714005 873.0999482131087 866.3966530837287 789.6318761084981 779.5840084454934 770.7507840209782
