data/DataRaster/skyviewFactor.asc
NCOLS 189
NROWS 177
XLLCORNER 690600.0
YLLCORNER 5139200.0
CELLSIZE 100.0
NODATA_VALUE -9999
[rows 100 to 119 of 177, columns 0 to 42 of 189]
-9999 -9999 0.9480146303790937 0.9525445048223457 0.9516721136488301 0.948032423608498 0.9407507420077461 0.9441066954600817 0.9414646235190313 0.9366574306749933 0.9368883421917271 0.9547581812009012 0.9593229661636467 0.9584995824804349 0.9603363460718702 0.9579293701539244 0.9534266819945729 0.9561225938134676 0.955319862766964 0.9572099324415946 0.966249677362629 0.9590737278923381 0.9464782764604398 0.9530842964090916 0.9510563708347705 0.9470002142090407 0.9444035404129537 0.9566404477294546 0.9560424539422802 0.9510503248058852 0.923527667530337 0.8713766867586555 0.8026004275492167 0.861284075143651 0.8743857442512886 0.8463181491056396 0.865495996745877 0.8363233053454829 0.7237302114156438 0.7787271917143955 0.8673673154995212 0.9091205292738455 0.9304303900875156
-9999 -9999 0.9262450710217276 0.9364259581532479 0.9399175170318357 0.9402908163201112 0.9364373279954019 0.9399084598066572 0.9420222326857488 0.9313469276319273 0.929769764037118 0.937632387770378 0.9484536284140134 0.9503921251919294 0.9469953964829341 0.9546718330099148 0.9621288258555614 0.9655049820973747 0.9608643678811645 0.9525025995611933 0.9449383395018213 0.9458174547362849 0.9387634853904357 0.9488756343429523 0.951674142848597 0.9525230332651762 0.9467430819892227 0.9503825058018446 0.9517033757908122 0.9471004434604512 0.9342854115702759 0.8540150975454516 0.7823943555305745 0.8692458003007201 0.8689042637333602 0.8633395116729715 0.8625270532745543 0.8365002190788322 0.8172319801964673 0.8254954324427444 0.7606486633793295 0.9032636282463427 0.944435943480418
-9999 -9999 0.9253117404842099 0.9317709947569099 0.9070240472049126 0.9421693489610713 0.9417127447705197 0.9432226831874431 0.9347939665585463 0.926611876498427 0.9230535524703489 0.9247825138858132 0.9288281495130434 0.9311100007394109 0.9340242288976843 0.930040582441815 0.940241012114538 0.9506048637275011 0.9543675785484295 0.9420420913116588 0.9143199006785535 0.9323948562631625 0.9480369491117736 0.9518641640691314 0.9460385890133283 0.9389933652476513 0.9392949784019168 0.9387950056575606 0.9441913666725443 0.9329502327561977 0.9284646215028821 0.8813040475075392 0.8341531721294422 0.8790329649116229 0.8586682274376727 0.8649764559084805 0.8673529916738403 0.842848701708279 0.8668341061608027 0.8366269992556413 0.8953833184310164 0.9315515931236044 0.941039529076228
-9999 -9999 0.9167888278867198 0.9267880961090017 0.9413071559613666 0.9284380958774754 0.9443642427139216 0.943381771832613 0.938229338323923 0.9340059227534446 0.9266594061162452 0.9305160646960211 0.9202273044153773 0.9331329348857428 0.9315722640903199 0.9288583598083041 0.9291058975579324 0.9375272991219975 0.9432263718903199 0.9454622763840895 0.9500319151626629 0.9514722595811973 0.9505380801762421 0.9510204401251992 0.9446747230328177 0.9384064868598037 0.9541083249204955 0.9545805123825111 0.9490295770706833 0.9432569398884838 0.93888359600681 0.9217764085164044 0.8861567371710865 0.8938161498216585 0.8705169397952964 0.8674024591496056 0.85505371459091 0.8488327272625859 0.8634200979876256 0.880382318192751 0.9285345611870611 0.9405974674206418 0.9460950933014234
-9999 -9999 0.917663138468051 0.9282573256324015 0.9375567325091605 0.9169802185215706 0.9139860739075235 0.9328891681923759 0.9299574468532704 0.9378693107910184 0.9264999219185823 0.9306303087696416 0.9223951004130352 0.9208947313314032 0.9216318796048263 0.9197638410693466 0.9353044135621014 0.9347284609095752 0.9305831945982536 0.9178227333920441 0.9438869435775136 0.942478940091456 0.9508954783618708 0.949715741805726 0.9425255929573912 0.9254891018004382 0.9493699105993086 0.9565082325615709 0.9608067740938877 0.959804073138553 0.9587513424889988 0.9542528383452107 0.9463734594845649 0.9363790490791472 0.9183792116522184 0.8897476661115205 0.8562085064226375 0.8581815875146022 0.8618022207549174 0.8887966272138611 0.9242714436740406 0.9393943789851602 0.909742433179655
-9999 -9999 0.937825475141704 0.947742567619424 0.9391132842835282 0.930870564848399 0.9145576843877864 0.913959280046369 0.9224606348504083 0.9338828588988937 0.931202877052989 0.9327240227550543 0.9297685978306957 0.9333860305254568 0.919936291992153 0.9223480297594606 0.9483778420052303 0.9452380781611797 0.928231098826004 0.9047933394735024 0.9132119517317695 0.9451519391520752 0.9488365835967838 0.9467506425552721 0.9335975619924658 0.9299337452650931 0.9225663095308768 0.9403046924388725 0.9630383395423198 0.9676460818835859 0.9666686975941403 0.9644060493926959 0.9626357709895601 0.961015364218445 0.951533467579039 0.9221163305244112 0.9074846838563302 0.8950631730690842 0.8743314104567428 0.8757681565804707 0.8754830812143058 0.9295971342690624 0.926119737811109
-9999 -9999 0.9363303389585867 0.9470040595856404 0.9530703803608611 0.9498445098063535 0.9234773629535741 0.9039468309188503 0.9106041884336777 0.9271480161705851 0.9249404620888724 0.9262375627097068 0.9275190398509339 0.9279804057225324 0.9225693080474546 0.9262123424347751 0.9452693925040967 0.927965687299807 0.9171435939720395 0.9287896095923974 0.924889469453726 0.9423360757007223 0.9436254952226731 0.9522673455217849 0.953995974241507 0.9529169028776541 0.9514346330597012 0.9519395631148772 0.9506853182640469 0.9552596731522406 0.9633867241460893 0.9678233246596984 0.9672621362543452 0.966255370329183 0.9627694181830115 0.9519822324496366 0.9437271081336187 0.9275775080924512 0.9030200966736291 0.8927348634544356 0.8943440049460681 0.9019643712008709 0.8878809903899367
-9999 -9999 0.9133402199080415 0.9310386116399241 0.934806185492432 0.9566499461140284 0.938528113088877 0.8969229209163979 0.9003587605617575 0.9188309314723282 0.9264145859547254 0.930062852374937 0.9306466605915392 0.9256241160257912 0.9241842463504305 0.9207646255585102 0.9446021119975665 0.9447520624743875 0.9419976636808178 0.9243999306171907 0.9120261600139202 0.9422654903191987 0.9473224049422844 0.9568095364571805 0.9619693216678737 0.9450399246040581 0.9309385302771654 0.9135258358476929 0.9107999434784375 0.9040702367191942 0.9253936894857372 0.9478044514017449 0.957891617785926 0.9666304970205649 0.9674792391466299 0.9620275148523161 0.9511913129909714 0.9321583779922781 0.9109446088140473 0.8969171459609913 0.8869660815890088 0.9012001022717573 0.9042613807066989
-9999 -9999 0.9154505696254447 0.916737003388809 0.9373573009761503 0.9321253324709762 0.9422307323144222 0.901454566010335 0.8688895697783188 0.9025186961617186 0.9186026565350075 0.9177977015293866 0.9211099699906589 0.9101652933713349 0.916835701090537 0.9132650351495768 0.9398041841499444 0.9366851894600449 0.9473594247271188 0.9457182151202197 0.9400313234428066 0.9584707459660197 0.9679687269486119 0.9554251272266184 0.8950999223634911 0.8821598279647119 0.8882389451218785 0.8358564037782635 0.8968025966747396 0.8546560072293243 0.897226600580403 0.9142538210779568 0.9219353604702778 0.9506190316684318 0.9609573741996461 0.961833919432015 0.9545797317138821 0.9337677509310066 0.8917514755923525 0.9082168978568698 0.9112830297204522 0.9031605194624635 0.9020443454311914
-9999 -9999 0.9132732214617313 0.9349152043707006 0.9348695477075649 0.9177342340062808 0.9432490084775899 0.9234432440325249 0.872082005611601 0.912084105632094 0.926535176033531 0.8833047669927789 0.9218753825807228 0.8894091664689001 0.9114094531635473 0.8952777328974533 0.9238552071557611 0.944311676580892 0.951401985141069 0.9456882701224733 0.9371225363410446 0.9408390002830207 0.9406739174229979 0.9306496268396055 0.8925415998776931 0.8308956421252769 0.8921185406203823 0.8177196112204463 0.8935296789351397 0.8515615235906941 0.8909720587868664 0.8562191678310587 0.8953556569385389 0.9198020988391795 0.9401007181907562 0.9525492025449427 0.9572118481513918 0.946829151190441 0.9313277803299459 0.9270290340576133 0.9246628288156303 0.9160776868284125 0.8959060396423375
-9999 -9999 0.9426317876229157 0.9310809486239192 0.9302926976620701 0.9263530197713594 0.9548500378224728 0.9548653755449009 0.9317320844337084 0.9421997529823507 0.9298154409068599 0.9234090911188151 0.9344364072354957 0.9141845530695393 0.9285004968929259 0.9074768285339087 0.9093203254660643 0.9477710148120853 0.9576685979651485 0.9552479011251205 0.8942482066962185 0.9240765280986296 0.9170367220316569 0.9317656876602632 0.9040810201704659 0.8199733141675359 0.8633486280973978 0.8287501372392791 0.8830105128958561 0.8651187628780254 0.8666922993840686 0.8763884408333242 0.8641692463149506 0.8836971710786534 0.8987381100369182 0.9127548783254326 0.9375742237324578 0.9382758494028518 0.922672108545864 0.906592844026154 0.9068874255674229 0.9198601361024776 0.9236456694958809
-9999 -9999 0.9340779273499459 0.9391159226247475 0.9279710955897863 0.9321905635008232 0.9545644856683692 0.9609666158234907 0.9478161044281539 0.947844642332332 0.9206668024476394 0.9281751001449995 0.9486917874256253 0.940109134972043 0.9524330012044459 0.9457924856366469 0.9366080604717545 0.9541649777503749 0.9656909041359771 0.9567138930114859 0.9130708717937474 0.9124715114266895 0.8789561591252951 0.9232184863019158 0.9242272889388969 0.874306969678375 0.7612302367930656 0.8074781610509055 0.861040077868226 0.8642791116174813 0.8694278217124434 0.8807469218831498 0.8470240633972286 0.881844511826702 0.8490713101166834 0.86212738007703 0.9090456394732739 0.9125891757849156 0.8978317577174441 0.8865727236858583 0.875656847562207 0.8485148268544289 0.9229918749073858
-9999 -9999 0.9083981028643795 0.9312894120233951 0.9405638170484734 0.9415744050905422 0.9513819948895806 0.957709751406559 0.9599882968868553 0.9582313925163533 0.953333257428413 0.9594203685736006 0.9661447129067766 0.9669706932749318 0.9667689214927171 0.9654274718094173 0.9659061803904128 0.9666317293530627 0.9595901375365674 0.9385692379475022 0.9099729166989682 0.878733120372892 0.8248260001048487 0.896486537722993 0.9293645950787512 0.8864359866594116 0.8406997176685879 0.7824772423533731 0.8328363315907906 0.8141659145469091 0.8679714066940498 0.8375695630850734 0.8864159657121005 0.8743423732119381 0.820200335624242 0.8648414142530307 0.9049783789152591 0.9006320274349895 0.8884760889309494 0.8949585368254445 0.8804289816070742 0.8327542353278266 0.8845994851088931
-9999 -9999 0.8911204392287375 0.8979145173010898 0.9047646912528039 0.9068051218588513 0.9391783908149226 0.9593265404804039 0.9642535551040854 0.9663086727050444 0.9662621582301291 0.9522489682929633 0.9444487067586489 0.9406904799928067 0.9355082358746918 0.9257285195756654 0.9355556697309412 0.9372996153101184 0.9348645025849319 0.9281138287927457 0.8979847108311942 0.8650766711258571 0.8045729189721228 0.8692060503384363 0.9287350478159538 0.9056781940074041 0.8462439258089601 0.8067967997238483 0.8371465919750412 0.8548970188025927 0.8584745678215618 0.8648464832827057 0.8977808667227171 0.8541358897495853 0.853126202406263 0.8551121644899712 0.9013510731561941 0.9033868223590705 0.8890199955730416 0.888514100436563 0.8984265896636376 0.8855866102080088 0.8106413283775615
-9999 -9999 0.8917720693847774 0.8810049742808839 0.8445476572042429 0.886563706596073 0.9268555480863832 0.9381304956975813 0.9434274528821327 0.9390126203930061 0.9332526230960524 0.9083723617518766 0.8720468501134323 0.8924368807895143 0.8921214311099742 0.9077730972797307 0.9042682759827064 0.9111555966601819 0.9148152890561245 0.9203201493396429 0.9041756364911976 0.8857070032994427 0.8548051276433379 0.8650101876554742 0.9190661939087627 0.9208462533177055 0.8585743579443086 0.8336534120574587 0.8386357188095726 0.8723295740819137 0.8579339594928812 0.8732811992641867 0.8846377206549735 0.8341827542759802 0.8558426331823001 0.8592345047933997 0.9014428516476576 0.9037797813609094 0.8925954166501394 0.8683726370098808 0.8987214826623787 0.8981755163457669 0.8822145030409184
-9999 -9999 0.8596437556314959 0.84578902391399 0.8595313355939963 0.8963011913147475 0.9273305670483507 0.8984463267081236 0.9005830148063809 0.8963966692791241 0.8996898760050747 0.8979619505142763 0.8443863980099924 0.8744452978081017 0.8587595159501233 0.8821432377139891 0.8883803422806003 0.8923772250330966 0.9050032161593498 0.9168859036964672 0.8969886688719012 0.8828346728979991 0.8445505351583926 0.8452334706581353 0.9020544998385225 0.9276253710812857 0.8898251015995166 0.8598532611393359 0.8419949898914867 0.8705920304303707 0.8959399999480624 0.8892994219361379 0.8768277196182833 0.8523939711906088 0.835095854262105 0.8769862534064486 0.8885776811274432 0.8965522940943478 0.8837191256669754 0.8862866562235124 0.885085458264789 0.9091032295206054 0.9050014000195823
-9999 -9999 0.8471790486294768 0.8484103920134192 0.8941084864058683 0.9282055049735384 0.9203841512889082 0.8771498255377086 0.8859453653575696 0.8704724450026229 0.8791075534127062 0.882511285180445 0.8864436442335575 0.8433645115203099 0.8557628313373107 0.8691674909167288 0.8942735883537742 0.8982264239152097 0.8943849099236227 0.9135006418085471 0.9078023764497678 0.8880083907232929 0.8426405333342144 0.8533348111898509 0.8943703764873854 0.9230964199628393 0.8978392798271025 0.8637838060356405 0.8418187881542599 0.8509588358018664 0.9026284381557915 0.8787762493872223 0.8743683355258132 0.868417183559079 0.8590462509512983 0.8730990847526282 0.8820418959547204 0.8950270407080254 0.892969651814061 0.895250743194581 0.8414162073229208 0.9016253202219874 0.9069133795486995
-9999 -9999 0.8533194823835222 0.8894697898270384 0.9164061561967924 0.9098031177469429 0.9015328842243248 0.8745469089866207 0.8858449143803547 0.8824954812852589 0.883066753228143 0.866439987580519 0.8841875093646309 0.8342820120370679 0.8450893479236689 0.8363355499345917 0.887805099645985 0.8932660680409715 0.8881103966012923 0.9154694636298232 0.9160826290071641 0.9006802362407975 0.8494534832895406 0.8656335486796498 0.8789880738894338 0.9137405910744818 0.907087207068873 0.8749121568563237 0.8632130556682207 0.8547199233138973 0.9024426665103433 0.8873679160083491 0.8794503551504737 0.8833071324346768 0.8679341061173141 0.8797094375289665 0.8862260737329812 0.8931319347612079 0.9022292407832085 0.9037019283115373 0.8824727283730083 0.8973996383289219 0.900506670266198
-9999 -9999 0.8764727536687278 0.9061339302611073 0.9057758114942237 0.8729316863565802 0.8841677790294886 0.8774796083518865 0.8694665887360925 0.8867367703641122 0.866838807793307 0.8635577456219422 0.8867775977071033 0.8756937339522043 0.8354449225351339 0.8281536465905783 0.8936815370169167 0.8800725577497753 0.8941845047471174 0.8974413168896586 0.8953542249302142 0.9084909286127989 0.8940337747846849 0.8882092154688319 0.8606747366875926 0.9057212270408825 0.9057660016586396 0.8804064500958364 0.87844029680823 0.8898039579747592 0.8990236815762442 0.8964431079256217 0.8914204860947665 0.8982160455941615 0.8853606559193362 0.8913747882711637 0.891498007575549 0.8921460104459764 0.9052977761518929 0.9017532857855743 0.8884844762327758 0.8869570360782365 0.8975351414835724
-9999 -9999 0.908661694075587 0.8925547024662205 0.8988424803481884 0.8734457577167738 0.8842968327835427 0.8908986592825842 0.8692992176283014 0.8849119752044244 0.8407610456919898 0.8658913127956955 0.8816714039646851 0.8886525466490285 0.8459961426350355 0.8483421519873796 0.8989758718989583 0.8263653087069075 0.8876903648991464 0.8725070481579388 0.872269334729274 0.9002438133333964 0.9051173709680573 0.878154899283105 0.8638709917030816 0.9047244102103913 0.8993641924574136 0.8934899351384259 0.8822533360862241 0.9005644179874944 0.9021093546713621 0.9020512988824113 0.8998873088478396 0.8997352561116938 0.8938527513201756 0.8900185969922928 0.8907864907335581 0.8913315835974494 0.8991287235860361 0.8889975620468419 0.8832543425972811 0.8975795624626759 0.9027748885617235
