data/DataRaster/skyviewFactor.asc
NCOLS 189
NROWS 177
XLLCORNER 690600.0
YLLCORNER 5139200.0
CELLSIZE 100.0
NODATA_VALUE -9999
[rows 140 to 159 of 177, columns 0 to 42 of 189]
-9999 -9999 0.8772690730370588 0.8794822558767655 0.8939298354874518 0.9038684460554935 0.8933489038247463 0.9041252094056627 0.9037732205550916 0.8559017722693861 0.8667385442044114 0.8686189237817009 0.9006916454495666 0.9056165100971165 0.9102166078794832 0.9086576602819896 0.9061764525542175 0.8904687528385369 0.894435860388506 0.8710786581285284 0.8606617832505337 0.894282743461161 0.804304293888513 0.8597846866829366 0.8213393395418238 0.8518202370106915 0.8701009906311988 0.8454532223747029 0.8514997652187299 0.8984185050515878 0.9132824067490671 0.938519210865695 0.9575084181465231 0.9636883949684253 0.9351253300554836 0.8926724616844056 0.8778625998902654 0.8709071975293841 0.8737711008374436 0.8761736860919196 0.8568212469210966 0.844557186907069 0.9008062314334827
-9999 -9999 0.8852829631648259 0.8873107625417068 0.8798056483970307 0.8914902413736808 0.8724447088293192 0.8975104179451996 0.875506724046009 0.8365107854359578 0.8280165324067461 0.8450612895801038 0.8752949678094557 0.8870546299631552 0.9051427092242228 0.9049740220014347 0.9060761927516551 0.9052911840507094 0.8999829576755852 0.880807128222192 0.8668424146614756 0.8378124167904287 0.8348284490423912 0.8382041764728022 0.8713086049724155 0.8788469383053005 0.8967686583328601 0.9046898442605829 0.915923673705137 0.8985800263005239 0.9117098937063748 0.9412180536856275 0.9496718092482388 0.9627181247309194 0.9603709524471394 0.9397866674679752 0.9150481300174393 0.8926473298833257 0.8899453875000883 0.8848480135661553 0.8847420606622017 0.8860612862890104 0.854658548568139
-9999 -9999 0.8893400611683268 0.8845341704400541 0.8385150545256272 0.8531930565713122 0.8555605264645156 0.8777244608927418 0.8642966665444041 0.8557470152988086 0.8576159458675389 0.8267724962464912 0.8621312619646868 0.8623178395936394 0.8883230557704008 0.8980324434316831 0.9046825826205115 0.9071680234859149 0.9048401937354954 0.8941734014297162 0.8836046234558017 0.8787581878458918 0.8686987639821538 0.8872020940010934 0.9178232035167584 0.9417286556972643 0.9517245669761353 0.9529862958773192 0.9559441151094606 0.9429710888105852 0.9448429897089988 0.9444938525472685 0.9595973571245485 0.9627027817409918 0.962307245710758 0.9563194193272093 0.9368139884721096 0.9044731966662003 0.8543080383743937 0.851752883980572 0.9160288980904464 0.9197593845598284 0.9005839264621057
-9999 -9999 0.8917175756192405 0.8760499050243741 0.8348039366436673 0.8333946520497554 0.847656220767077 0.8977140728584168 0.9143677304797796 0.9004539364321678 0.854873237389897 0.8466077358708659 0.8609969479112174 0.8796735555247888 0.8650365039767568 0.8508334027062069 0.8840246759720473 0.9053204194081735 0.904950115969482 0.8983359926282332 0.8711479759588924 0.8600253060155042 0.8579390945915139 0.8755425620793827 0.9188157896110124 0.9202864472035228 0.899374367970465 0.8948231216846974 0.9269497982242644 0.9601519945940141 0.9611003558876458 0.9522729186364629 0.9525843496384725 0.9607988698835068 0.9619672349369057 0.956983853246452 0.94569715012796 0.9115988466560675 0.8858854958118713 0.8833378801869762 0.9208348341432969 0.943593390340938 0.8706370967616945
-9999 -9999 0.8781475340940327 0.8797220091836437 0.8551621371866847 0.8338207797423193 0.8676577475065819 0.93451172443129 0.9622501538319137 0.9415292498837506 0.8674271288134092 0.826943366612842 0.8124615097179797 0.8562616018194907 0.8708060512608296 0.859749834849956 0.8477054462276429 0.8701439876876463 0.8970369457525902 0.8931184481208385 0.8813770646743317 0.8675754667440023 0.8588900502799715 0.892241536784829 0.9150210541961825 0.8955528891016504 0.839358375205516 0.8872990325688175 0.905493856014841 0.9146841837441302 0.9506779171794248 0.9648013189528862 0.9602274588202273 0.9606683837790397 0.9613539213911604 0.9618722047178033 0.9552050146931901 0.9413220231744897 0.9077781533046321 0.8909441844512087 0.8967026793568283 0.9431614159482876 0.9238115742267934
-9999 -9999 0.8687852655977732 0.8598275766912499 0.8118211984399573 0.8148372372648519 0.8694483267022751 0.9203653795693293 0.9492591516903925 0.9592173378449675 0.8898574069840884 0.836288861696139 0.8115374186965735 0.8471896772628014 0.8848374756216759 0.8766494811371334 0.8673952110233728 0.8710356460373513 0.8778979041619092 0.8921325227322322 0.8747978665032485 0.8716720608705941 0.8484939250356638 0.892514151502702 0.9045539782510116 0.8639824762122489 0.8648126395337297 0.8960786957969809 0.8746330945733176 0.8475255601760023 0.8993104430170422 0.9380311060479221 0.9626498376855851 0.9644409356715501 0.9641241790366827 0.9599826566697126 0.9531465848172568 0.9382438771789707 0.9132668742021034 0.9019986198633209 0.9183385564830757 0.939577507961144 0.9323419125920692
-9999 -9999 0.8689484968937384 0.8350148195689897 0.8548697123598624 0.8448173199341643 0.8602002793802106 0.8595552631147765 0.9456887445964234 0.9550697142317176 0.9030208482770155 0.8539811479075027 0.8199437179782041 0.8977980753629335 0.9300425819003509 0.9349371156924258 0.8800159532181563 0.8586757237571809 0.8600816341716346 0.8786040358093216 0.8946630468580871 0.8926059160039638 0.8671046145695889 0.8969344012085061 0.8881059228001449 0.866945181502917 0.8961595828602513 0.8822580487927951 0.8657505355881847 0.8772727749828328 0.8722617352062212 0.8843681236445633 0.9174923200435137 0.9479240945262344 0.9601418766800092 0.9584199232748919 0.9490031229065442 0.9195175886859189 0.9096020172796749 0.942421756147912 0.9370048748546751 0.9403070917295191 0.9281270158440742
-9999 -9999 0.8291941264549796 0.8534435558156556 0.8775895608364851 0.8522585832499233 0.8843339981557775 0.9210247380424778 0.9603675988427416 0.9456497108770089 0.896268338116593 0.8431296099249785 0.8739785039766695 0.8708794199998113 0.9177807663894615 0.9527425649527141 0.9216200519408917 0.8505942414392388 0.8514729208386078 0.8859664077293397 0.8923444237383242 0.9011552583724469 0.8913141503685652 0.9007553148075699 0.8752135798722473 0.8944029335281088 0.8885408735540433 0.8543670342014613 0.8605133607619958 0.8656841253365768 0.8467991211419198 0.8590591369734806 0.8749931371156863 0.931469101682761 0.958869242408373 0.9603751813222836 0.9558599110541885 0.9468397556714709 0.9410905253576611 0.9508782168483793 0.94892716462873 0.9405202577739673 0.9045193716870449
-9999 -9999 0.8396232820487579 0.9042043034743011 0.8978137361700579 0.864593274776391 0.8691321864841193 0.9261841941204478 0.961535891547612 0.9435722269501141 0.868952381603766 0.9163614288295948 0.9044355246383843 0.8280425900366554 0.8854781854414461 0.9147349366682135 0.9544871468626812 0.9055913024436245 0.8714584383194843 0.8767592539605702 0.8897225148061478 0.9046009929180495 0.9055352552015462 0.9032624038104118 0.9099096032127133 0.9114718062483143 0.8861629633009027 0.8823671352915274 0.8920995924334058 0.9090109045500063 0.9093763332735127 0.9102896089350402 0.9293209926609796 0.9513181888036062 0.9609355269255586 0.9609508868388504 0.9579020543998774 0.9530731874332214 0.9516267131649608 0.9498056173384454 0.9506029204939914 0.9419992580341312 0.9240916327062831
-9999 -9999 0.901644551408687 0.9538335698435929 0.9171881330854017 0.8732221620888712 0.879442418941337 0.9341181024987657 0.9606722204803432 0.9459496887978139 0.9246368953334146 0.9338481116399336 0.8545650747473291 0.8909701634757317 0.9114293686377445 0.8400487052857081 0.9469819267912924 0.9339920067956096 0.8899169494679215 0.8766018324570943 0.8906775701717553 0.8905863153075654 0.9005985658045751 0.9011756942887643 0.9069831202501023 0.9035486213227417 0.8933383769021849 0.8692963418203123 0.8881653856715294 0.8902354664719129 0.8886857020284697 0.9159571678081272 0.9389295944036211 0.9554538094607983 0.9619443648083003 0.9611868238908103 0.959351903406679 0.9556983943712885 0.9538688946035264 0.9488124367655467 0.9476615123011601 0.9462618172223626 0.9173519890578633
-9999 -9999 0.9575672059098213 0.9635334057459406 0.932819955247733 0.882595611729093 0.8711260319590015 0.9434957978536274 0.961905174371324 0.9443402018397403 0.9465513116140015 0.9344994024007011 0.9177023469597158 0.9239591739604462 0.9087968700061428 0.8389195102326393 0.9489665374868691 0.9282373915578677 0.872316563154049 0.8732092141425278 0.8756992998171562 0.8681762233278154 0.8865278911490295 0.8960223434843221 0.9024311048675728 0.89698179416619 0.8846895935268309 0.8761444101816434 0.8678396844747052 0.8552754441441398 0.8400684187536861 0.8481710547188653 0.8520211824492788 0.926423059785234 0.9591828826333522 0.9618618440626173 0.9620462776433452 0.9596455456330225 0.9563193324093869 0.9473018284897616 0.9477943361434061 0.9461375755081907 0.9344455861630866
-9999 -9999 0.9654624315990049 0.9616254980175121 0.945502782863262 0.9375082512762591 0.9244721661659681 0.9439292761472675 0.9595969312045839 0.9541646108324653 0.9513640551445556 0.9541934061481143 0.954361111712057 0.9410609264312835 0.9161217592126882 0.8814326535007256 0.9495346594286135 0.9330403237206889 0.8803346020867213 0.9035120449589845 0.883973354600869 0.8766314117160858 0.8633732546445113 0.8833431572470092 0.8996725464550989 0.8989790878431488 0.8925010813141024 0.8732306365312287 0.8653058126546471 0.8706217954639899 0.8541636619840833 0.8420519904158905 0.8606008013926558 0.8987199100664206 0.9430536642332117 0.962385235256028 0.9626546507899197 0.9621126099484244 0.960236484214911 0.9576517650635699 0.9536785540075658 0.9480525208444726 0.9414454493187431
-9999 -9999 0.9660035365306111 0.9603371887955999 0.952458631330238 0.9484838689662367 0.9243613500002338 0.9486757737273741 0.9583201373817339 0.9610058551970865 0.9619932089428433 0.9619770542686324 0.9538020481666938 0.9340085901121581 0.9199347486036102 0.904699857134847 0.9503772390336408 0.9061373106793507 0.9379702041164375 0.9239961851871383 0.9081840749431855 0.8841333145239619 0.863508426473765 0.887342923280325 0.8974946997069616 0.9004301186997539 0.8926153523033772 0.8894989323963565 0.8872573832834058 0.8436636556991663 0.8658252331223211 0.8576856634972239 0.8386074267685933 0.8731656270973754 0.9131401746537997 0.9434166538946429 0.9529090344590767 0.9555259293959428 0.9546543882038957 0.9531604713218587 0.9474919740527402 0.9426937901138729 0.9438093816038798
-9999 -9999 0.9613504388026525 0.9629098107268717 0.9549950289488459 0.9533365227182822 0.9448796240285396 0.9515967714948252 0.9562351704429813 0.9576965188390596 0.9635743722509043 0.9629955664162982 0.9523542335937818 0.9432979835925416 0.9351881925985625 0.9221339344986519 0.9476877884920674 0.9461580016883373 0.9380854145359817 0.9494336301122223 0.9432203804204036 0.9225222175458577 0.9001085833281268 0.9080284541691646 0.9014645315608546 0.902460379122675 0.9007876495473583 0.9168616060265551 0.9211574665229331 0.8768829531689387 0.8499222797666506 0.8610127174105121 0.8699491119893353 0.888602067606915 0.8984437927988091 0.908817786313671 0.9233880251895475 0.9389584286663577 0.9457892332151254 0.9480621259949277 0.945402627539891 0.9472447278042744 0.9386125126634206
-9999 -9999 0.945825697476605 0.9640141365102413 0.9589453396029051 0.9562924650920978 0.9522357840002507 0.9471886333915358 0.9505990541758041 0.954837959666333 0.9621436673180506 0.9636118873316412 0.956925604150297 0.9467848014084881 0.9367344736907185 0.9323319797078833 0.9449298007882956 0.9491003893061365 0.9425651461117344 0.9470499944888138 0.9531896488237388 0.95248031733479 0.9312384234219939 0.8986692444685809 0.8916971941741314 0.9044096060785136 0.8997493417746337 0.9110559435440174 0.9314895044853844 0.9264607482542643 0.8746910974270748 0.8889836479407336 0.8818753120789727 0.8959989690852805 0.8986186869668616 0.8956515127103442 0.908527934203291 0.9186060334348254 0.9429990407824049 0.9403350065434477 0.9392597046591882 0.9422569231261333 0.92355657084703
-9999 -9999 0.9395987248962184 0.9572600965118513 0.9614733316214181 0.9586729978192202 0.9545256952969681 0.9455727908784989 0.951595839360939 0.9563584118080357 0.9594941086003234 0.9630897364875635 0.9591691203178974 0.9428378808553879 0.9338427702940442 0.9331222246985704 0.9449859901170491 0.9459430042332833 0.9454488069846937 0.9455334050982622 0.9495265132727647 0.9530989973966729 0.9307432042641736 0.8733504392148511 0.8813107931391158 0.9045759059150482 0.9069155561563932 0.89823010024094 0.913639936258461 0.9341220749032674 0.9200169831826125 0.8826899176736788 0.8994393698852177 0.9132268307319453 0.9088467855394385 0.8974933369503449 0.890436289418658 0.9099696250557499 0.9253187724435702 0.933739504263178 0.9324786732499145 0.937228645451311 0.9385592901928504
-9999 -9999 0.8983201456343011 0.9125050680750317 0.9552958352544287 0.954955236111347 0.9507020820253834 0.9427865237570888 0.9485257665043245 0.9543676043713538 0.9596371956405242 0.9628090070094673 0.9618928476295172 0.95137392901071 0.9402144446840868 0.9352514056590056 0.9496078335243475 0.9476488870141281 0.9425508846911063 0.9487328890353247 0.9463900397187476 0.9513911407504632 0.935013195456327 0.9060922139945572 0.8798562735422968 0.9083398503250555 0.9099334741008832 0.9078534882653918 0.9033667533510137 0.9212001709508434 0.9337784022063174 0.9133564605787259 0.9075149810807697 0.9149834378897111 0.9135923748457041 0.9128053288531282 0.8906391765184543 0.8874768114245055 0.9084161684712947 0.9262018868573324 0.9381647045566939 0.9377228137233827 0.9364481807353481
-9999 -9999 0.9218089906460892 0.9350632644334799 0.947528014410569 0.9348636713129934 0.9394446188393143 0.9480774741051624 0.9517989674528956 0.9533639478962098 0.9509250755143313 0.9624268081042774 0.9636441364104178 0.96011697456888 0.9499543710649209 0.9383515019445711 0.9473639050034492 0.9476621555801583 0.9315608715786964 0.9521335438809363 0.9482248002301775 0.945279723184843 0.9369955924934752 0.9065424794490895 0.8917621491336432 0.9079012787173706 0.9162926913233713 0.9118707095982546 0.9096725808659458 0.9091158327413815 0.9146432899561194 0.930734038056055 0.9171392766196231 0.9163295606346661 0.9174433999593554 0.9185297397677342 0.9140080905899476 0.9050888921198047 0.9108708483518307 0.9177643816092657 0.9064978031522094 0.9015997706094118 0.9001842363565479
-9999 -9999 0.9417073723745144 0.952881034383675 0.9559589188261532 0.9530860467264983 0.9500750681873722 0.9522232709307118 0.957351603088279 0.9585069594799148 0.9575186447802739 0.9616659060305489 0.9625878813209934 0.961371906578721 0.9581085729278895 0.9513901402278157 0.9503085134431815 0.9461904059673828 0.9289970069745053 0.949580998025438 0.9489225688068853 0.9384475187797786 0.9331757352074764 0.9154258236251527 0.8918952589778357 0.9148368106313868 0.9068141969194286 0.9117016272166875 0.9132528113996707 0.9070510037921116 0.9063598584495284 0.9139197726108184 0.9239609387371033 0.9175654345276801 0.9161647175665895 0.9237706463912846 0.9279256110423404 0.9298129818965373 0.9279753318817885 0.9287190676256869 0.9226675375971888 0.9167440362691772 0.9092968842394641
-9999 -9999 0.9551259954822854 0.963791923871888 0.9653797158320576 0.9638426663164665 0.9620646153396394 0.9620596283773742 0.9627714111724693 0.9618507457649427 0.9609794143261514 0.9605872212633549 0.9626136947278807 0.9629422466169316 0.9600350529143821 0.957341661877547 0.9540039475512985 0.9494230061847222 0.9392152961374796 0.94178658562621 0.9449259450759371 0.9362550272523651 0.9239111201491413 0.8836972719961861 0.9000565590078571 0.9208146345263979 0.9006518035062735 0.8718068606763161 0.8850821729109787 0.8991259959058817 0.8828458274950735 0.9058526434360337 0.9266161192162881 0.9240351758165203 0.9268047066769948 0.9259253606629071 0.9274248166178596 0.9292630382826897 0.9274081176418261 0.9237467099102786 0.9144284998117582 0.9232520543966188 0.8969348053595446
