data/DataRaster/skyviewFactor.asc
NCOLS 189
NROWS 177
XLLCORNER 690600.0
YLLCORNER 5139200.0
CELLSIZE 100.0
NODATA_VALUE -9999
[rows 80 to 99 of 177, columns 86 to 128 of 189]
0.8477883281576564 0.8178381752607885 0.8477471468019576 0.8836291083233786 0.8781170365492578 0.899019733733708 0.900972069017686 0.901987876070656 0.9013174246067878 0.8927167654689611 0.8837189736824033 0.8231457416966476 0.7810316699093246 0.8062967143005461 0.8057142874048044 0.8026412385079927 0.8055404888217181 0.7866526322363415 0.7705658012397543 0.743839603954089 0.7412535658346854 0.7238117591060813 0.6932135089522488 0.6174054648046385 0.6354964286883427 0.8568356049767506 0.7645331037275641 0.6610939096406755 0.7331638201712728 0.7470469893889681 0.8234846296060971 0.8260447733955822 0.801931407668787 0.8191936986597462 0.7964386031129453 0.8314162549685742 0.9062048105729581 0.8826221693775722 0.9513989260273401 0.8736253283186829 0.8515685790302346 0.8069429990975309 0.8149274657077812
0.9011021312382537 0.8940034212128849 0.891759349051046 0.8855819126633383 0.8815590553218454 0.879906599350691 0.9036903707435822 0.8971420422534353 0.8969143816647291 0.8971882994608482 0.8891336246476569 0.8758553824656573 0.8253885424428135 0.7797693388529328 0.7522585722845453 0.7997128317678202 0.7929514058015384 0.7759982764214834 0.7665928896251657 0.7221013462885698 0.6804702860182268 0.6911809982644543 0.6486031333149632 0.7175404805532533 0.8107107938706133 0.9504555952294962 0.7528092042437174 0.7219642425502291 0.6652991526719216 0.7359257744598289 0.8148412410516354 0.7903325048710962 0.7074736035908896 0.7092502041362652 0.8398118486057625 0.9349896350246313 0.8961824109749826 0.8398908796150781 0.8930434049500244 0.8319784983107813 0.8454467110614431 0.8411812846928264 0.8298215463035402
0.9040577878383068 0.9085700388479817 0.908171141099111 0.9049038422865507 0.9048197590696654 0.9010783787069502 0.904348501726727 0.901663183386762 0.8936708991438964 0.8749343159656006 0.8383094307034612 0.8413772937516503 0.8753824780925991 0.8315172438832412 0.7622191330764232 0.7503191324776595 0.7797176570196078 0.7551889553054087 0.7292603036654794 0.6172748141634402 0.5964213807408889 0.7028774719159743 0.551476834509142 0.8520711394746816 0.6288272930674148 0.8981847724545483 0.8168276023305746 0.7241149611153123 0.6442441696954779 0.747174651444996 0.7786452670681583 0.7759280542299707 0.7340611654432834 0.7356574096077604 0.8339565733154414 0.9651274064531432 0.8059472344161979 0.8716288548955345 0.850585838493451 0.8071876378142326 0.8454392851468623 0.8821467934449287 0.8646650984079315
0.8462310294436411 0.854306202551763 0.8629760284965956 0.8593321361283883 0.8541961123566568 0.8708535844633195 0.8800392017934955 0.8911851980676809 0.8748509605095853 0.8213187494121417 0.8229617960454528 0.8189079839364174 0.845515345086641 0.8536467225513219 0.8416821455341723 0.8033566333397039 0.7521592010023295 0.6899093042592545 0.6177318098406613 0.5932543502870924 0.7141139745616982 0.7356973978882138 0.9016173027653717 0.9291750974904756 0.8579752943677096 0.7203455266535925 0.7285887256518552 0.7312270881786034 0.706252990222534 0.7307645816145556 0.7537477975309629 0.7418397439447072 0.6665172996644371 0.7245435952762382 0.837188616136183 0.9616765465672183 0.7983337762711002 0.8965875753371111 0.8823131631062211 0.8913233213302478 0.8860377725306711 0.8518987776319061 0.8539468930223788
0.8487560242613872 0.8779276518691822 0.8735900673923295 0.8721961716545805 0.8512887526469743 0.8405124951496833 0.8086453846344352 0.8440375498248579 0.8370828449158875 0.8488475931823071 0.8467324263961239 0.8380274210502204 0.8435206554664277 0.8499532755129988 0.8569592736223546 0.8338162394671503 0.7622546256465913 0.6693601558265219 0.6305575134484322 0.8129124357663571 0.8239390350673876 0.8627768843608438 0.8376568558672265 0.7278450166210905 0.7281254389505804 0.6278431656367225 0.624166862948437 0.7127042385254361 0.7656690470190471 0.7751542735364021 0.7615815284248864 0.7578425853357252 0.657537878296063 0.6852752539459559 0.8023098010029878 0.948679360914017 0.8412525691386955 0.9057914533616891 0.90717700750046 0.9166820629732099 0.896795396938637 0.8290459544974971 0.82018653879252
0.8938448273438763 0.8712062849270028 0.8612175072242462 0.865124001994093 0.8732194138286394 0.8595458323471373 0.814985533810932 0.8150325542181492 0.8306651872118613 0.8398994454796428 0.8296643031283549 0.8269965906063587 0.8433149512842507 0.8360866046301897 0.8276652039721673 0.8206249087597073 0.7655713867283661 0.6289987296202878 0.7512544745185383 0.7820152453991763 0.7625749111829173 0.8040471249290273 0.780030918277645 0.6784294393112007 0.6941558284092915 0.7864636873673863 0.7203664922572179 0.691223430282857 0.7283880339415274 0.7867234125745136 0.7413546829119343 0.7531613456784514 0.6912639979386157 0.6701596478974857 0.7428767947335785 0.8112594447499024 0.8397432108107143 0.9028942656302315 0.8760941368112302 0.8836652096035044 0.8781166880755186 0.7871942015111635 0.797613218765881
0.8915494806866818 0.8915832837998419 0.8890515245371027 0.8868820318782525 0.8871218633579327 0.8766247773680522 0.8776364921977851 0.8704073532014903 0.8579609566360323 0.8679685284718628 0.8697924122129351 0.8595730372464679 0.8479553497414345 0.8366025776425099 0.8119379030610753 0.7778005946534678 0.7137184430264003 0.6045502762212079 0.7630175518927005 0.7420010795864911 0.7850111159145692 0.7679288638239581 0.8114578356173956 0.8280871291756605 0.8014545308767237 0.7496387343536863 0.7141378754756995 0.6547217040401377 0.7267262560568126 0.7531600480633466 0.7512665492149295 0.7435710959739791 0.752322797946858 0.7163564714292328 0.6713847821463363 0.7364033949740089 0.6980178234516121 0.8756402921904068 0.9422960571834169 0.8678012213277079 0.7977532221123569 0.7899039569351547 0.8012269083093186
0.871178225062444 0.8815833347672853 0.8934974937418039 0.8916153241418083 0.8864891500233069 0.8852683411227241 0.8807940450354373 0.8790218311066493 0.8742618252463824 0.8715425192695953 0.863139200732494 0.8574784919421409 0.8491398301066598 0.8350029864269327 0.8246930449073362 0.7961416480287143 0.7475643829334264 0.595799015237377 0.7048954148410732 0.8250976858884846 0.754350721192563 0.8691441448615004 0.9531580788560945 0.8236146456092945 0.7204647740491082 0.6905996942559062 0.6599307146544101 0.682694173166338 0.7293093615361572 0.7220103661257606 0.715713354030636 0.737288673015888 0.7654543736701285 0.7731051746946109 0.7828096255556486 0.7697052378373882 0.7207219282576477 0.8146022572508477 0.8426208606016199 0.949730579407878 0.8766835983192119 0.7140624598691229 0.6505984511532373
0.8813321316023164 0.856936415574952 0.882775373701607 0.8837432803693905 0.8732574272860144 0.8852813801995605 0.8775631334287953 0.8755085197966191 0.8589935082972047 0.8599622612752426 0.8520301316080867 0.8431243470180244 0.8352657131792413 0.8284116764227323 0.798918989279 0.77286769244952 0.7360017685028833 0.5680625522839435 0.7133815526337828 0.8726472168218576 0.8040083002001502 0.9451119467289677 0.7519615030649038 0.6901802561031518 0.5338507438391761 0.6181055664189917 0.6964458948731699 0.7323628495668192 0.7349616171633941 0.731918393727162 0.7386204614424083 0.7586003628195067 0.7650054454097414 0.8070141892122967 0.8040360150500323 0.8021470794811795 0.7571705119170977 0.7229489513907662 0.8168188692495153 0.8171717309654751 0.8723275843341848 0.8650580964282926 0.7788122702401473
0.878053744416779 0.8736734811382766 0.8550749565583108 0.8880083328191906 0.8905871737243876 0.8717591335773857 0.8609708036377601 0.8809871100476954 0.8733421649477124 0.8685815698627917 0.8585672861436697 0.8544491265579082 0.852713891256098 0.822275633580307 0.7916275299902124 0.7748063438519862 0.7339526154605543 0.6196563133480048 0.7176655562499884 0.801065074040965 0.7796681712116632 0.8686049100795851 0.6826072205360331 0.6484726495284793 0.6545160546592923 0.7173837640592372 0.7467157035469217 0.771800066332286 0.7663543216362227 0.7629072575944368 0.758806717026345 0.7638899269049441 0.7842132585136995 0.8007808275271288 0.800848050849714 0.8222470242744304 0.714680654144117 0.8217099047733327 0.8433574855393813 0.73739697947538 0.7433696208792884 0.9114103807301764 0.9365239209017168
0.9013433478812017 0.8829458265457579 0.8270645617858766 0.8848918166020371 0.8869215816355266 0.8752686559014163 0.8822391881401017 0.8782647728274013 0.8565023850824767 0.865538372471271 0.8630328788056644 0.8561729127293599 0.8364351883660688 0.82842705266289 0.818522008599758 0.8044176275563439 0.7313929391018938 0.6577723247697136 0.6971914232280041 0.6763438960613503 0.8106697351094347 0.9129442734899064 0.6842534215122716 0.5975845579019046 0.6934567665914622 0.7420090347911537 0.7643914802880579 0.762727417664691 0.7671579889763561 0.7703429906116932 0.7601462974154326 0.7749142247416808 0.8045005705416742 0.8032854635880573 0.7887060780134187 0.7935833493512914 0.7418952840828041 0.7949313140087347 0.7833066539096248 0.7703649406791712 0.7508674355994286 0.8712673321630588 0.8722396535120784
0.9137954731079612 0.897277093418242 0.8631823892831851 0.8512266586670533 0.8895428099553725 0.8955462507154902 0.8790277463787424 0.8759875671951483 0.8761557862542496 0.8746161100132968 0.8607844702993992 0.8473044680416021 0.8492149693315615 0.8327897810185851 0.8092813020998293 0.7768164712003797 0.7384322273577919 0.7122620275685492 0.6277737685221889 0.6142387893130141 0.779027919705444 0.7066423717703016 0.5655821056233289 0.6114898887618004 0.7218848643895031 0.7529675451321439 0.7855508271451485 0.7826093960178196 0.7560151354340314 0.7845518348435321 0.7887939400938625 0.7947788557793806 0.7968669926907633 0.803308559433759 0.8008150911677248 0.7878855253988382 0.7552686478500359 0.7241830507053226 0.805007198554456 0.7747046408349014 0.8322481299119144 0.7942022726102742 0.719633311508761
0.914737759410296 0.911307077011451 0.8944607778794339 0.8323950654122578 0.8628889925629888 0.8845801714873984 0.8909698359952806 0.8872703220049635 0.8745543132396003 0.8730321994582696 0.8697675665378551 0.8652462043313547 0.8556881849064835 0.8364336702112145 0.8075579719026134 0.7890409756401684 0.7440246570925267 0.7104270770472749 0.6614570539383811 0.6011745700340138 0.7645987121866211 0.7081773491040221 0.559543706978919 0.6682562284200315 0.7516392710823658 0.7884191400410776 0.8232705110416751 0.7998592861295863 0.7924958150554889 0.8050672818843574 0.8084141001688755 0.806099337859089 0.8038823859150341 0.8007418499022586 0.806073458410812 0.7960371779637188 0.7663223255832389 0.7457899630661671 0.7695292857416137 0.7310655273071698 0.8004005347060351 0.7614686786076148 0.7636593682846974
0.9091729835025272 0.91443529136513 0.9106014586432185 0.878956471728919 0.8006714523960718 0.855467249564165 0.8737989033541129 0.878068880513231 0.8772706061591825 0.8795640363565176 0.8722034902958704 0.8621436613856256 0.8473293494889487 0.8137203411070291 0.799302650521574 0.760253175133731 0.7468813285042502 0.6905488801845808 0.6754332863945501 0.6496079456849646 0.8083441586174049 0.7065272044833232 0.6018859596180759 0.7445483183892511 0.8159449329276158 0.8235051428177832 0.8339280027672351 0.804797575465788 0.8087059431080965 0.8231504891096417 0.8217225421147276 0.8253794622502341 0.8135758259110836 0.8058526394248806 0.8067519379895608 0.7984036537310624 0.795168850982097 0.7508042162509765 0.7909189882022479 0.7865642177530121 0.7202644349257862 0.6445953931942336 0.7852145119186689
0.9028097035000461 0.9077491315642112 0.9053207248229496 0.9026971771365518 0.8743087586921676 0.85087423255719 0.8432693301367028 0.8284076892878689 0.8476980064577609 0.8522436399832783 0.8427329749158461 0.8386116366735958 0.8173611547803793 0.8217550891365387 0.8088398869042426 0.7878398734003109 0.7474866549154103 0.7017233536051949 0.697977658315028 0.6189266310246205 0.8845301831874967 0.6845783173868593 0.7091063114186816 0.7861645979786153 0.8128909721213425 0.8606849953534076 0.850411933989689 0.8389847323451659 0.820094377025325 0.833647535468322 0.8324999321550974 0.8290951170878744 0.8248482374204551 0.8152609064555018 0.8013932736176331 0.8145864515278649 0.8067422848796949 0.7662828828745359 0.7408454859470966 0.7853031928280693 0.8179029789941052 0.7563025594001943 0.5505853106352094
0.9130271928709199 0.9128607562435448 0.9079837911582851 0.9041315342347666 0.901982572658368 0.8654187416823406 0.8531907753275427 0.8466713795715767 0.8325145043083666 0.8194864881157778 0.8382796476036697 0.8532298723362987 0.8395948250544614 0.8314098124494952 0.8131052936770353 0.7942256710719414 0.7702583829266597 0.7247978149586863 0.6905414827705829 0.7078417846724602 0.9404578227001171 0.6891352354610231 0.7425930418748672 0.7939036948777548 0.8074065744610109 0.8502758814323911 0.8525927013908816 0.8449038685361295 0.8414636654898086 0.8324623854785694 0.8415656508400873 0.830755096994772 0.8333042747984059 0.8211893529900729 0.8103063404495243 0.8118189704177432 0.8094280208186859 0.7992116074332283 0.8062338678338147 0.762392760783071 0.7798349577129153 0.7282503017545764 0.7678043938224108
0.9296889031995165 0.9188346324674103 0.9023342501809023 0.8947544448604728 0.8902023392426256 0.8847818715198832 0.8357772667793382 0.8173939573430943 0.8509169016612124 0.8544811150106579 0.8544115590517866 0.8482734301343534 0.8421864696822127 0.841388479230473 0.8211976870628913 0.8057368223450061 0.7877312652130424 0.7457964347196661 0.6618232442746006 0.7739683614649976 0.8555685648924672 0.7073852448931747 0.7890589769091452 0.8088519597244612 0.8181115172699933 0.8475149011804735 0.8667685745757455 0.8616868818913418 0.8536863567725304 0.8482400480604634 0.8500976348872542 0.8479279721914588 0.8425732997643255 0.8233896469335404 0.8249810942753754 0.8181741323757872 0.8161066930945018 0.8027672766344438 0.8106280984320874 0.805705071129949 0.7927880892682909 0.7640312601514412 0.6469000525325856
0.9309936326671848 0.9292825922284723 0.9153006291450935 0.8954913584030177 0.8969282239722012 0.8942409631480911 0.8718305727925411 0.8175562055735377 0.8254683093685007 0.8311406525491413 0.8503688103360181 0.8436921066903311 0.8441634863186303 0.8357665279977944 0.8182808683276376 0.8101043594515174 0.7550251806763405 0.7834161697929861 0.6251808330918293 0.8432100275991048 0.7419565267009676 0.7413433265526456 0.8085175023099436 0.8066119699725166 0.8286626940246108 0.8407980305499365 0.8591202584056215 0.8567790025673987 0.8558502202882674 0.859543524170556 0.8521808424500926 0.8488982781303049 0.8503087474786035 0.8376621296236102 0.8279585658558382 0.8317459092241105 0.8253184686360311 0.8115303376487462 0.8212450058763424 0.8100030674975033 0.8089894417141656 0.806741673396269 0.7355932555960509
0.9250798173174027 0.9261079268940192 0.923718367752389 0.9237131782491972 0.9176765002233873 0.9123244066232631 0.8951288920583311 0.8326466336086205 0.813494966256317 0.8212165400072466 0.8226063152281486 0.8244131135517186 0.83063252403024 0.8225141293280899 0.8149989460154089 0.8006369091340958 0.7444312409143471 0.7641765471649191 0.6235294468557355 0.8610132852454393 0.7629782342047197 0.7359887780848506 0.8125945417931683 0.8340167404362817 0.8186163333284463 0.8318963345200066 0.82518071545715 0.8344598728479056 0.8448227428295496 0.8538385310133013 0.853226994464513 0.8541920951675764 0.8564494715797137 0.8420612685580078 0.8394765657581085 0.8352349819256488 0.837246314088846 0.8299648669666293 0.8240326615416947 0.8251817569462561 0.8234475396235038 0.8194638730706055 0.7970182019736612
0.9152055222738278 0.9147752032679498 0.9132456358002907 0.9165315604638271 0.9133250473857936 0.9113852272243387 0.9066638826740561 0.892658204235527 0.8528103344731182 0.8075925450201786 0.8014543442795077 0.8005626075881985 0.8185658905641839 0.8159264783723726 0.817468434971873 0.7970461904601136 0.752824123900191 0.786608892843624 0.6947548183852282 0.8260634083188391 0.8440350466846592 0.7003645342424865 0.8201813815181845 0.8341072536062408 0.8185838877727372 0.8189954937308631 0.8179376349658035 0.8289489968937709 0.8417972924413459 0.8530029430156113 0.8486069205701304 0.8442184690596091 0.8442646941947853 0.8439744445168206 0.8468642044891044 0.8465719761617021 0.8466900962107258 0.840237240315327 0.8399414871800621 0.8284149940342731 0.8309270074909503 0.8369183577997795 0.8241057940686415
