data/DataRaster/skyviewFactor.asc
NCOLS 189
NROWS 177
XLLCORNER 690600.0
YLLCORNER 5139200.0
CELLSIZE 100.0
NODATA_VALUE -9999
[rows 80 to 99 of 177, columns 43 to 85 of 189]
0.8836222287720117 0.88195508734655 0.868295393206417 0.8337683023667356 0.8490954838111182 0.8525998468855787 0.8358128188640687 0.8440907663915597 0.8566370207941363 0.8502542749899389 0.8406955706831336 0.826017840432636 0.7873410607505482 0.8457954518351591 0.8408217766329783 0.8093270095830245 0.8233228567815782 0.7847311164938224 0.8282450619981315 0.833146411881469 0.813990645376451 0.7534851170247359 0.793272255947416 0.8385867702803491 0.8402886332850769 0.7689424278856791 0.839546106489604 0.8574223134685517 0.818988895143187 0.8504457165760424 0.8111289495835257 0.8824827003985025 0.8627017385922326 0.8227642938462283 0.7709978884861244 0.839943092982656 0.8536786649847381 0.8717160462291401 0.8897438527828188 0.8937074858516164 0.9011519050520712 0.8881737939495494 0.88390224541464
0.8561327495730353 0.8647311792178072 0.8287475101734922 0.8399635166069374 0.8544647179393476 0.8599445692228962 0.851536977517936 0.8553117981934021 0.832492339295122 0.7940709309401751 0.8195229804942503 0.8254318569907935 0.8239406626556524 0.8169619303762509 0.814777835281474 0.7778940145182577 0.8396022307364106 0.8280177633489435 0.8359106942137183 0.8469793235444146 0.7991418334086365 0.8044416014108823 0.8360597164469281 0.8390817594578671 0.7238444842299732 0.8242691485369735 0.8568843266336764 0.8647496505243668 0.8322299837811657 0.835596736805956 0.826821873530133 0.8555601099568304 0.89126375293262 0.8355554296350556 0.8214795385823129 0.8453753982166566 0.8604642263582594 0.8695206485504705 0.8937259931397711 0.8844879101112622 0.891456562744835 0.9023074177642577 0.9072328329681597
0.8411138842426643 0.8471815316310725 0.8526371219652514 0.8575669957398061 0.8564556616257732 0.8527654177143794 0.8266931186118366 0.8423742116561649 0.8192987541677387 0.81882593310594 0.7686995839818788 0.7824555824403507 0.8379359076996779 0.8114213365650782 0.8042747298759899 0.846472498222254 0.7732567213790361 0.8737670187630268 0.8916302604896305 0.8802297670514488 0.7671748713209154 0.8600806375357891 0.856465543756954 0.7960426493687998 0.7650217462817962 0.8254282735003442 0.85369577096141 0.8748102818361366 0.8318357182929704 0.8419848441164541 0.854276782658869 0.8344656456748054 0.8647702346899981 0.8786376998991968 0.8756186368049073 0.8627518358844681 0.8518561811329056 0.8280132344818185 0.8687553562342851 0.8618860174030774 0.8351242489903834 0.8691288565814241 0.8907069404318205
0.8640067773313566 0.8501636449011577 0.8639582816513176 0.8553220383957193 0.8502682817152455 0.8419750452706092 0.8416175636926579 0.8468713036039063 0.7987333192408768 0.8491464093053286 0.8107767599665954 0.8119856604670618 0.8317202640173037 0.8327838159022593 0.752389530774734 0.8572990788584399 0.8585343666122298 0.8965449622887889 0.9514906256015849 0.9363848421991967 0.8859174474218277 0.902243714836799 0.8329988625216445 0.7255613266943882 0.8386784514261433 0.7796378197635292 0.8878254818314402 0.8876516204935215 0.8350784133142117 0.8582743200055175 0.8427003002719913 0.8119763713718574 0.8520119963377294 0.8945449821824817 0.9153461134660197 0.8704572717951639 0.836083151305376 0.8337360431897403 0.8326012499936811 0.8580040744296518 0.7932863950360033 0.7808937698160834 0.8599404629645321
0.867373675535098 0.842313036766557 0.8593699199213152 0.8584282064955558 0.8555473102740782 0.8492378888889832 0.8310926831414195 0.8325664037200141 0.8147272915384487 0.7470833808401253 0.7570066199011853 0.8585660591112795 0.8144256893732456 0.87043664821439 0.8853657768430376 0.9188455879620393 0.9419137662358815 0.9550289118576382 0.9463928259545588 0.9543843353151594 0.9516972374890453 0.9138318555077926 0.8221169847371604 0.7997740678730803 0.8398505851697444 0.8420039175599686 0.8339794950005173 0.9024582129540611 0.8537856482048406 0.8513110966654847 0.8581072233255327 0.8584782320401246 0.8445947916359187 0.8990247087892169 0.929115466757181 0.8883591073146669 0.8613598041425707 0.8601093261497268 0.856930092683803 0.8797856758392419 0.8597122255240046 0.8871599732814308 0.8966352613307403
0.8538185065562648 0.8526005470430827 0.8211669260705983 0.846381946313287 0.8496015344383461 0.8352376027128837 0.8155876650527173 0.8163542394333299 0.81233151627956 0.7993918134282738 0.8372735841310327 0.8230079593250955 0.8711224529924172 0.9171015246188868 0.955001350505023 0.9580871920319283 0.9578764044568651 0.9506119663751366 0.9115865180329057 0.9438363890279736 0.9455628151784691 0.9371267728065356 0.8539869287481202 0.8469086156479355 0.8478670672187941 0.8887055238300088 0.906387974055104 0.9259357964767018 0.8976879557535055 0.8472634389752579 0.8542398096881336 0.8679878421110419 0.8856353770271355 0.879475849183179 0.9321993207363344 0.9017328546969371 0.8687157247249979 0.8644861530939478 0.87512857361953 0.8974454675117735 0.8948723029399509 0.8882411574376784 0.9007077714677904
0.853110397359846 0.8270006152434741 0.8276384071925645 0.8211043645879754 0.8289282298089603 0.8226580363911482 0.8042540651910229 0.8152810333151789 0.8289342371116258 0.8576217454281242 0.864568378692782 0.8804853679350362 0.9142733631185092 0.9528341624514394 0.9583831730412921 0.9544341617412462 0.9541894290768348 0.9500263059489246 0.9066105975191406 0.9111578979486891 0.9360329967554143 0.9458790705838496 0.9027916099064657 0.9195951839545299 0.9347206531938503 0.9488218330799905 0.9511949449576643 0.9516382335382707 0.9329545852742324 0.9056562900732398 0.8866483296191648 0.8696752083183724 0.8849347279317011 0.9049948173413997 0.9152429457396014 0.8957743698301222 0.8730177727025404 0.8785988826499319 0.8864719537082218 0.887825243377633 0.8931725659330428 0.8893051761375586 0.8882842896052863
0.8444076300257529 0.8122522177558589 0.8123247394047493 0.8129831641502381 0.7855465075408572 0.8003228487338433 0.7756359812040455 0.8288691772613265 0.8744442522284772 0.9116836938269454 0.9245602957179883 0.9411210924693987 0.9537336196658195 0.9576170256240634 0.9579967700254604 0.9529416523641907 0.9403684584851869 0.939440702580707 0.9144070737982377 0.9310107926483874 0.9447624529236484 0.9557928433421041 0.9545221904649376 0.9534938536988511 0.9464021554607182 0.9395190460723379 0.9484806298494979 0.947358765341257 0.9304408087636876 0.9332383673339856 0.8946473612485398 0.8789247809607388 0.8957761556145546 0.9296679637393228 0.9269873652088673 0.9058381151707817 0.8986118088707367 0.8799579713486161 0.8850642022832834 0.8962027930511891 0.9016895064084985 0.8923366803030548 0.8852967037784675
0.853488562202246 0.8094723996202932 0.7748421912479952 0.8169377562018824 0.8462908563205617 0.7708675904417303 0.7625444093638846 0.7950538573082079 0.8409328862964396 0.9357663086217857 0.9584453307127309 0.9568547933955072 0.9589895326329991 0.9588298601329673 0.9582778406430507 0.9468805642697132 0.911826356402352 0.9371033786265849 0.9422347989118078 0.9302535891635879 0.949109844642597 0.9563805443110075 0.9561605179878813 0.9493383209184196 0.9357428452847399 0.9333799454632924 0.9441530954169811 0.9367599597614863 0.9107636009091963 0.9396052789364391 0.9310650976401348 0.9250489202289229 0.9352517573165433 0.9444471213213275 0.9438592796928377 0.9343279386374973 0.9203608875920489 0.901549493391824 0.8800769614535492 0.8981817656199835 0.9036979453381262 0.8988274850574586 0.8864135449859852
0.8440477139077095 0.823781382993137 0.7205756753740179 0.8136947688643575 0.8721910421513229 0.7618882768981091 0.8271543511279603 0.8822673204954071 0.9233202833848301 0.9522826604063176 0.9564955081494972 0.957639534235651 0.9585210657206114 0.9581787522505956 0.9574103826530661 0.9439254652362257 0.9164576975126368 0.9485962930988076 0.9491858959984324 0.9442380190816123 0.9509275623994712 0.9504838818009541 0.9500460745682725 0.9473642908492308 0.9326329100348614 0.9301932487509514 0.9032106529244541 0.9388301946814618 0.947338087050519 0.9485193367037491 0.9482257193790021 0.9466560937686971 0.9453253326613525 0.9435639449509201 0.9418810373317655 0.9338862364074524 0.9290127901720571 0.908736533489532 0.8852652636767139 0.8993380668473797 0.8906346064785869 0.9140265542535457 0.8943787670517084
0.8411440447121376 0.8087975251315969 0.7670036733142519 0.7827291166792117 0.8588165416960547 0.8523687258473058 0.8477119541576077 0.8748242238457485 0.9374406622388451 0.9459678118457459 0.955384516898357 0.9571475577843263 0.9579357292477195 0.9586121071944139 0.9559984297486794 0.938412690397084 0.9077401416621882 0.919216846078229 0.9390781483682905 0.9453533517448172 0.9474358962859072 0.9404836856563067 0.9395450650251419 0.9378067105989689 0.9215375814114933 0.9146885260738642 0.9387185171163769 0.9431378604638982 0.9472006887959096 0.9477295753507015 0.9501571164771317 0.948174321219609 0.9408388991079266 0.9412730086000811 0.9371172347297897 0.9171643386711116 0.9315300222742484 0.9127795356720255 0.8793874643759801 0.887636704845982 0.8937127289137303 0.8920106537298574 0.9128285420170515
0.8661029485841912 0.8201748082659993 0.8045124479606489 0.7702205723808863 0.8682936392683266 0.8836990582426071 0.9133406853754793 0.9301387855289828 0.9412790785640981 0.9544696185267845 0.9570715405764433 0.9590979219419896 0.9589968440077413 0.9581418481621887 0.9546595287000192 0.9361523989579238 0.8992921869301878 0.9397938598601278 0.9317570038585429 0.9522257405430254 0.9487396929317059 0.9456213802796051 0.9327968746741528 0.9263537589502153 0.931503946491087 0.9348353885925402 0.9397881101292617 0.9492582419132739 0.9500400856885889 0.9486960583906172 0.9482119712519064 0.9454121763106017 0.9429098631853235 0.9400303318053261 0.9355406652126842 0.9020410320382677 0.9390834115281016 0.9338047500055207 0.9117081547195842 0.8971199953484985 0.8955327904341644 0.8761447820786793 0.9133863889153264
0.8903540086282405 0.8370625333526858 0.8148773995645854 0.8385045821116718 0.8830798334024695 0.9019107964193998 0.9348013563407289 0.9563189220320355 0.9582524742913661 0.9587412405353919 0.9590767370477328 0.958892293512082 0.9580562769400152 0.9573185878872424 0.9534052966752973 0.9361711639150985 0.904908689360991 0.9308316349267138 0.9237477088682572 0.9550274819272265 0.9508011805199014 0.9427231829302186 0.9404195971545353 0.9328291847713388 0.9121862638766035 0.9311257281677813 0.9390159782616547 0.9513421808793561 0.9509078752247219 0.943918208509281 0.9396126773812398 0.9429126496109501 0.9384778729549299 0.9341075536755226 0.9125835065437069 0.9412533854456367 0.940032971321727 0.9385168203758797 0.935229114683394 0.9235277058949778 0.9072953883272149 0.8927593811071562 0.8998188807532307
0.9211934562481826 0.8859329170108462 0.8364360118858687 0.8310736157023366 0.9000767396125339 0.9337975054114511 0.954173629678613 0.9591455661477954 0.9597178729405377 0.9595231541759084 0.9594063085947037 0.9588975890642597 0.9585688217654568 0.9566506395996335 0.9518170841230915 0.9381504056487255 0.9133567828486706 0.9351939619799131 0.9399213526351017 0.9555108507733469 0.9478802051170608 0.9305418348096467 0.9388989025512257 0.9198854107931818 0.9447210349559488 0.9463502862604816 0.9499921787181124 0.9523637796384253 0.9485577772073471 0.9380468797463036 0.9360413731619673 0.9367997671794364 0.9346627464506677 0.9093502207214788 0.9316983924019919 0.9358679874582815 0.9328447920115549 0.9302648203828164 0.931223009287787 0.9346471825071908 0.9194786150830109 0.9097735629057634 0.9026263975470331
0.9516567169545281 0.931158165271358 0.9041704934672325 0.8977980874958501 0.9438741378217034 0.9529339434811595 0.9599269977975982 0.9598837243817709 0.9580350279372978 0.956239160325151 0.9578004423308155 0.9580712656572061 0.9577092540243902 0.9557983954986687 0.94773287870706 0.9427766329701838 0.9224607673590964 0.9295024135467356 0.9374971784357994 0.9555141655283181 0.9450048627177078 0.9183270396457518 0.9297979938606488 0.9483101337941342 0.9402180018539762 0.9257219279146147 0.9490719073564162 0.9521116995138845 0.9486003296615343 0.9416088477488544 0.9349756226162645 0.9326505628673187 0.9315788909139997 0.93893125414434 0.9398055764071079 0.939166939910995 0.9355758981320373 0.930925434077926 0.9277669552819653 0.9348507034015601 0.9324397776471083 0.9211701305131562 0.9085758076611959
0.9560101271545973 0.9612550371577797 0.9556245209910845 0.9569448961147642 0.9550172557381518 0.9370361872798437 0.9576762347740478 0.9595131573223156 0.9585634333053459 0.957026224471606 0.9393613048258508 0.9553378629856599 0.956673030228845 0.9549239569470087 0.9443934838223496 0.9221242388681085 0.9322738971917635 0.9348746731319949 0.9315020232920995 0.9471134266984259 0.9498678674087875 0.9235799599281567 0.9112612972969123 0.9383136043795569 0.9517890919222275 0.9522799915826098 0.9519945529883768 0.9524548778814353 0.9476835585361405 0.9355309027655733 0.9324481321053433 0.9194287982055146 0.939208374561194 0.9409545938848736 0.9401089803956528 0.9391321965098355 0.9371877010491313 0.9365682991221121 0.9330504138361181 0.9333775240175015 0.9336107804797285 0.933357951225315 0.921856817654096
0.9307973612714981 0.9622385738355499 0.9602543613728279 0.95958160691905 0.9375408241689341 0.9162003159347676 0.957207111037255 0.9592732124377109 0.9558040226469595 0.9528818848129853 0.9474434714385545 0.9510022782006837 0.9533211882090508 0.9512521465594893 0.9463992727054222 0.9217047054591969 0.9306052471265063 0.916316535537086 0.9220377817721411 0.9451410355106564 0.952645699788336 0.9235477109134442 0.9148807305144541 0.9242471672954176 0.9325219972755692 0.9416196765331425 0.9515305687299321 0.9504583876905626 0.9460475112079799 0.9255347119288749 0.9059663128140313 0.9368919395438752 0.9410193408361867 0.9412121254142357 0.9410762780196211 0.9416929888437452 0.9391393257192745 0.9369425125071809 0.9344271850156962 0.9309784321584119 0.930537446409676 0.9305213959434586 0.9329486082547824
0.9158393820131788 0.9618014983898486 0.946511934793528 0.9497425017080089 0.9179254957846158 0.9241393563213007 0.9554592681371284 0.9600497611174145 0.9544737311964381 0.9482396606545573 0.9426581767528937 0.9342470143572994 0.94529244391182 0.9444014635517457 0.9468529661635227 0.9275997635166958 0.9262942094068931 0.9204795094463941 0.9334714118376015 0.9525624899104186 0.9558054669088882 0.9233673285326891 0.8945070382293622 0.9165585668812264 0.9202548476934732 0.9295605280855903 0.9442803915980348 0.942413970317795 0.9395486800859859 0.9282081987324483 0.9208719090803883 0.9408585010801314 0.9415009966313368 0.9415396485079943 0.9419195007010249 0.9418982884681578 0.9399884764500395 0.9394265083344043 0.9371641325605984 0.9336768151732437 0.9310120515640451 0.9283670167423772 0.9310445468787176
0.9255107431724817 0.9601613512516488 0.9226012872808145 0.938635650300924 0.9285196886057808 0.9362202474300405 0.9528562846400027 0.9601315790212047 0.9562684589262702 0.9517574485805779 0.9469933272450649 0.9313988947495822 0.9349357659636156 0.9371088254614068 0.9417028464178674 0.927505845899824 0.9351184781558178 0.9347839792477106 0.9496936656182694 0.9557848967049493 0.9530777534390863 0.9351860992293993 0.9194672141319951 0.925402937791894 0.9276179030198575 0.9320980589921359 0.947319609184606 0.9430602444631728 0.9346592590094326 0.9180036728925296 0.9074055332305725 0.9395038642548753 0.9426671610916878 0.9425757480280935 0.9408007934361206 0.9419663755287117 0.9400694370168743 0.9355552281175155 0.9319223299609622 0.9305063390967461 0.926366055868822 0.925106084289151 0.9230756210666391
0.9487193213437789 0.9530009182271548 0.9357989901743878 0.9348005947750051 0.90732274644797 0.9296382442885109 0.9533902312357914 0.9580445529370051 0.9491615733810279 0.9492493667301392 0.9470184211301759 0.9446025428397824 0.9431836266478553 0.9421308174777605 0.9357603534227015 0.9188524558332889 0.9111321941061096 0.8990237674854417 0.9543307636723005 0.9497241795981629 0.9399500369048115 0.9308908389527725 0.9326439510850631 0.9372215919552702 0.921364942343999 0.9438613098263469 0.9494566702753944 0.9457048998268652 0.9373709192428852 0.9227024027605126 0.9425297161507137 0.9447732824353754 0.9442164273421514 0.9422013912483644 0.9402748180234869 0.9403742303756517 0.9364489359427969 0.9361052585699962 0.9298063291625405 0.9091526079599527 0.885835122300493 0.8989417892614268 0.9089206941619907
